0.050000 0.868600 0.869600
0.062024 0.868600 0.870900
0.076939 0.868600 0.871200
0.095440 0.868600 0.870000
0.118391 0.868600 0.870900
0.146860 0.868600 0.869400
0.182176 0.868600 0.868600
0.225984 0.868600 0.866900
0.280327 0.868600 0.864500
0.347738 0.868600 0.862500
0.431359 0.868600 0.858500
0.535089 0.868600 0.852000
0.663763 0.868600 0.842400
0.823379 0.868600 0.833100
1.021379 0.868600 0.822200
1.266991 0.868600 0.808900
1.571667 0.868600 0.794700
1.949609 0.868600 0.775000
2.418435 0.868600 0.758400
3.000000 0.868600 0.731800
