0.050000 0.868600 0.869500
0.062024 0.868600 0.871100
0.076939 0.868600 0.870600
0.095440 0.868600 0.870000
0.118391 0.868600 0.871100
0.146860 0.868600 0.869800
0.182176 0.868600 0.868500
0.225984 0.868600 0.867400
0.280327 0.868600 0.864300
0.347738 0.868600 0.862200
0.431359 0.868600 0.858900
0.535089 0.868600 0.851700
0.663763 0.868600 0.842600
0.823379 0.868600 0.833400
1.021379 0.868600 0.822500
1.266991 0.868600 0.809300
1.571667 0.868600 0.795100
1.949609 0.868600 0.775100
2.418435 0.868600 0.754800
3.000000 0.868600 0.734400
