1.000000000000000000e+00 1.000000000000000056e-01
2.000000000000000000e+00 1.000000000000000056e-01
3.000000000000000000e+00 1.000000000000000056e-01
4.000000000000000000e+00 1.900999999999999912e-01
5.000000000000000000e+00 2.079000000000000015e-01
6.000000000000000000e+00 5.318000000000000504e-01
7.000000000000000000e+00 5.395999999999999686e-01
8.000000000000000000e+00 6.754999999999999893e-01
9.000000000000000000e+00 6.865999999999999881e-01
1.000000000000000000e+01 7.489000000000000101e-01
1.100000000000000000e+01 7.604999999999999538e-01
1.200000000000000000e+01 7.902000000000000135e-01
1.300000000000000000e+01 7.993000000000000105e-01
1.400000000000000000e+01 8.159999999999999476e-01
1.500000000000000000e+01 8.235000000000000098e-01
1.600000000000000000e+01 8.334000000000000297e-01
1.700000000000000000e+01 8.385000000000000231e-01
1.800000000000000000e+01 8.463000000000000522e-01
1.900000000000000000e+01 8.487999999999999989e-01
2.000000000000000000e+01 8.525000000000000355e-01
2.100000000000000000e+01 8.566000000000000281e-01
2.200000000000000000e+01 8.580999999999999739e-01
2.300000000000000000e+01 8.599999999999999867e-01
2.400000000000000000e+01 8.614000000000000545e-01
2.500000000000000000e+01 8.630999999999999783e-01
2.600000000000000000e+01 8.649999999999999911e-01
2.700000000000000000e+01 8.663999999999999480e-01
2.800000000000000000e+01 8.673999999999999488e-01
2.900000000000000000e+01 8.682999999999999607e-01
3.000000000000000000e+01 8.702999999999999625e-01
3.100000000000000000e+01 8.696000000000000396e-01
3.200000000000000000e+01 8.716000000000000414e-01
3.300000000000000000e+01 8.713999999999999524e-01
3.400000000000000000e+01 8.722999999999999643e-01
3.500000000000000000e+01 8.730999999999999872e-01
3.600000000000000000e+01 8.731999999999999762e-01
3.700000000000000000e+01 8.733999999999999542e-01
3.800000000000000000e+01 8.738000000000000211e-01
3.900000000000000000e+01 8.732999999999999652e-01
4.000000000000000000e+01 8.740999999999999881e-01
4.100000000000000000e+01 8.739000000000000101e-01
4.200000000000000000e+01 8.740999999999999881e-01
4.300000000000000000e+01 8.739000000000000101e-01
4.400000000000000000e+01 8.746000000000000441e-01
4.500000000000000000e+01 8.739999999999999991e-01
4.600000000000000000e+01 8.748000000000000220e-01
4.700000000000000000e+01 8.747000000000000330e-01
4.800000000000000000e+01 8.747000000000000330e-01
4.900000000000000000e+01 8.742999999999999661e-01
5.000000000000000000e+01 8.746000000000000441e-01
5.100000000000000000e+01 8.749000000000000110e-01
5.200000000000000000e+01 8.751999999999999780e-01
5.300000000000000000e+01 8.752999999999999670e-01
5.400000000000000000e+01 8.754999999999999449e-01
5.500000000000000000e+01 8.758000000000000229e-01
5.600000000000000000e+01 8.760999999999999899e-01
5.700000000000000000e+01 8.760000000000000009e-01
5.800000000000000000e+01 8.761999999999999789e-01
5.900000000000000000e+01 8.763999999999999568e-01
6.000000000000000000e+01 8.764999999999999458e-01
6.100000000000000000e+01 8.763999999999999568e-01
6.200000000000000000e+01 8.762999999999999678e-01
6.300000000000000000e+01 8.761999999999999789e-01
6.400000000000000000e+01 8.760999999999999899e-01
6.500000000000000000e+01 8.761999999999999789e-01
6.600000000000000000e+01 8.762999999999999678e-01
6.700000000000000000e+01 8.764999999999999458e-01
6.800000000000000000e+01 8.764999999999999458e-01
6.900000000000000000e+01 8.764999999999999458e-01
7.000000000000000000e+01 8.764999999999999458e-01
7.100000000000000000e+01 8.766000000000000458e-01
7.200000000000000000e+01 8.762999999999999678e-01
7.300000000000000000e+01 8.763999999999999568e-01
7.400000000000000000e+01 8.763999999999999568e-01
7.500000000000000000e+01 8.762999999999999678e-01
7.600000000000000000e+01 8.760999999999999899e-01
7.700000000000000000e+01 8.758000000000000229e-01
7.800000000000000000e+01 8.760000000000000009e-01
7.900000000000000000e+01 8.760000000000000009e-01
8.000000000000000000e+01 8.759000000000000119e-01
8.100000000000000000e+01 8.759000000000000119e-01
8.200000000000000000e+01 8.760000000000000009e-01
8.300000000000000000e+01 8.760000000000000009e-01
8.400000000000000000e+01 8.760000000000000009e-01
8.500000000000000000e+01 8.759000000000000119e-01
8.600000000000000000e+01 8.759000000000000119e-01
8.700000000000000000e+01 8.760000000000000009e-01
8.800000000000000000e+01 8.760999999999999899e-01
8.900000000000000000e+01 8.759000000000000119e-01
9.000000000000000000e+01 8.760999999999999899e-01
9.100000000000000000e+01 8.760999999999999899e-01
9.200000000000000000e+01 8.760999999999999899e-01
9.300000000000000000e+01 8.763999999999999568e-01
9.400000000000000000e+01 8.766000000000000458e-01
9.500000000000000000e+01 8.766000000000000458e-01
9.600000000000000000e+01 8.766000000000000458e-01
9.700000000000000000e+01 8.767000000000000348e-01
9.800000000000000000e+01 8.769000000000000128e-01
9.900000000000000000e+01 8.770000000000000018e-01
1.000000000000000000e+02 8.770999999999999908e-01
1.010000000000000000e+02 8.771999999999999797e-01
1.020000000000000000e+02 8.772999999999999687e-01
1.030000000000000000e+02 8.773999999999999577e-01
1.040000000000000000e+02 8.773999999999999577e-01
1.050000000000000000e+02 8.774999999999999467e-01
1.060000000000000000e+02 8.776000000000000467e-01
1.070000000000000000e+02 8.774999999999999467e-01
1.080000000000000000e+02 8.776000000000000467e-01
1.090000000000000000e+02 8.777000000000000357e-01
1.100000000000000000e+02 8.777000000000000357e-01
1.110000000000000000e+02 8.777000000000000357e-01
1.120000000000000000e+02 8.774999999999999467e-01
1.130000000000000000e+02 8.773999999999999577e-01
1.140000000000000000e+02 8.773999999999999577e-01
1.150000000000000000e+02 8.773999999999999577e-01
1.160000000000000000e+02 8.773999999999999577e-01
1.170000000000000000e+02 8.772999999999999687e-01
1.180000000000000000e+02 8.772999999999999687e-01
1.190000000000000000e+02 8.772999999999999687e-01
1.200000000000000000e+02 8.772999999999999687e-01
1.210000000000000000e+02 8.772999999999999687e-01
1.220000000000000000e+02 8.772999999999999687e-01
1.230000000000000000e+02 8.772999999999999687e-01
1.240000000000000000e+02 8.772999999999999687e-01
1.250000000000000000e+02 8.772999999999999687e-01
1.260000000000000000e+02 8.772999999999999687e-01
1.270000000000000000e+02 8.772999999999999687e-01
1.280000000000000000e+02 8.771999999999999797e-01
1.290000000000000000e+02 8.771999999999999797e-01
1.300000000000000000e+02 8.772999999999999687e-01
1.310000000000000000e+02 8.771999999999999797e-01
1.320000000000000000e+02 8.771999999999999797e-01
1.330000000000000000e+02 8.771999999999999797e-01
1.340000000000000000e+02 8.771999999999999797e-01
1.350000000000000000e+02 8.770999999999999908e-01
1.360000000000000000e+02 8.771999999999999797e-01
1.370000000000000000e+02 8.770000000000000018e-01
1.380000000000000000e+02 8.770999999999999908e-01
1.390000000000000000e+02 8.769000000000000128e-01
1.400000000000000000e+02 8.770000000000000018e-01
1.410000000000000000e+02 8.769000000000000128e-01
1.420000000000000000e+02 8.770999999999999908e-01
1.430000000000000000e+02 8.770000000000000018e-01
1.440000000000000000e+02 8.770999999999999908e-01
1.450000000000000000e+02 8.769000000000000128e-01
1.460000000000000000e+02 8.770999999999999908e-01
1.470000000000000000e+02 8.770000000000000018e-01
1.480000000000000000e+02 8.771999999999999797e-01
1.490000000000000000e+02 8.770999999999999908e-01
1.500000000000000000e+02 8.771999999999999797e-01
1.510000000000000000e+02 8.770999999999999908e-01
1.520000000000000000e+02 8.771999999999999797e-01
1.530000000000000000e+02 8.770999999999999908e-01
1.540000000000000000e+02 8.772999999999999687e-01
1.550000000000000000e+02 8.771999999999999797e-01
1.560000000000000000e+02 8.772999999999999687e-01
1.570000000000000000e+02 8.771999999999999797e-01
1.580000000000000000e+02 8.772999999999999687e-01
1.590000000000000000e+02 8.771999999999999797e-01
1.600000000000000000e+02 8.772999999999999687e-01
1.610000000000000000e+02 8.771999999999999797e-01
1.620000000000000000e+02 8.771999999999999797e-01
1.630000000000000000e+02 8.770999999999999908e-01
1.640000000000000000e+02 8.771999999999999797e-01
1.650000000000000000e+02 8.769000000000000128e-01
1.660000000000000000e+02 8.770000000000000018e-01
1.670000000000000000e+02 8.769000000000000128e-01
1.680000000000000000e+02 8.769000000000000128e-01
1.690000000000000000e+02 8.768000000000000238e-01
1.700000000000000000e+02 8.770000000000000018e-01
1.710000000000000000e+02 8.769000000000000128e-01
1.720000000000000000e+02 8.770000000000000018e-01
1.730000000000000000e+02 8.769000000000000128e-01
1.740000000000000000e+02 8.770000000000000018e-01
1.750000000000000000e+02 8.769000000000000128e-01
1.760000000000000000e+02 8.770000000000000018e-01
1.770000000000000000e+02 8.769000000000000128e-01
1.780000000000000000e+02 8.770000000000000018e-01
1.790000000000000000e+02 8.769000000000000128e-01
1.800000000000000000e+02 8.770000000000000018e-01
1.810000000000000000e+02 8.769000000000000128e-01
1.820000000000000000e+02 8.770000000000000018e-01
1.830000000000000000e+02 8.769000000000000128e-01
1.840000000000000000e+02 8.769000000000000128e-01
1.850000000000000000e+02 8.768000000000000238e-01
1.860000000000000000e+02 8.768000000000000238e-01
1.870000000000000000e+02 8.768000000000000238e-01
1.880000000000000000e+02 8.768000000000000238e-01
1.890000000000000000e+02 8.768000000000000238e-01
1.900000000000000000e+02 8.768000000000000238e-01
1.910000000000000000e+02 8.768000000000000238e-01
1.920000000000000000e+02 8.768000000000000238e-01
1.930000000000000000e+02 8.768000000000000238e-01
1.940000000000000000e+02 8.768000000000000238e-01
1.950000000000000000e+02 8.768000000000000238e-01
1.960000000000000000e+02 8.768000000000000238e-01
1.970000000000000000e+02 8.768000000000000238e-01
1.980000000000000000e+02 8.768000000000000238e-01
1.990000000000000000e+02 8.768000000000000238e-01
2.000000000000000000e+02 8.768000000000000238e-01
2.010000000000000000e+02 8.768000000000000238e-01
2.020000000000000000e+02 8.768000000000000238e-01
2.030000000000000000e+02 8.768000000000000238e-01
2.040000000000000000e+02 8.768000000000000238e-01
2.050000000000000000e+02 8.768000000000000238e-01
2.060000000000000000e+02 8.768000000000000238e-01
2.070000000000000000e+02 8.768000000000000238e-01
2.080000000000000000e+02 8.768000000000000238e-01
2.090000000000000000e+02 8.768000000000000238e-01
2.100000000000000000e+02 8.767000000000000348e-01
2.110000000000000000e+02 8.767000000000000348e-01
2.120000000000000000e+02 8.767000000000000348e-01
2.130000000000000000e+02 8.767000000000000348e-01
2.140000000000000000e+02 8.767000000000000348e-01
2.150000000000000000e+02 8.767000000000000348e-01
2.160000000000000000e+02 8.767000000000000348e-01
2.170000000000000000e+02 8.767000000000000348e-01
2.180000000000000000e+02 8.767000000000000348e-01
2.190000000000000000e+02 8.767000000000000348e-01
2.200000000000000000e+02 8.767000000000000348e-01
2.210000000000000000e+02 8.767000000000000348e-01
2.220000000000000000e+02 8.767000000000000348e-01
2.230000000000000000e+02 8.767000000000000348e-01
2.240000000000000000e+02 8.767000000000000348e-01
2.250000000000000000e+02 8.767000000000000348e-01
2.260000000000000000e+02 8.767000000000000348e-01
2.270000000000000000e+02 8.767000000000000348e-01
2.280000000000000000e+02 8.767000000000000348e-01
2.290000000000000000e+02 8.767000000000000348e-01
2.300000000000000000e+02 8.767000000000000348e-01
2.310000000000000000e+02 8.766000000000000458e-01
2.320000000000000000e+02 8.766000000000000458e-01
2.330000000000000000e+02 8.766000000000000458e-01
2.340000000000000000e+02 8.766000000000000458e-01
2.350000000000000000e+02 8.766000000000000458e-01
2.360000000000000000e+02 8.766000000000000458e-01
2.370000000000000000e+02 8.766000000000000458e-01
2.380000000000000000e+02 8.766000000000000458e-01
2.390000000000000000e+02 8.766000000000000458e-01
2.400000000000000000e+02 8.766000000000000458e-01
2.410000000000000000e+02 8.766000000000000458e-01
2.420000000000000000e+02 8.766000000000000458e-01
2.430000000000000000e+02 8.766000000000000458e-01
2.440000000000000000e+02 8.767000000000000348e-01
2.450000000000000000e+02 8.767000000000000348e-01
2.460000000000000000e+02 8.767000000000000348e-01
2.470000000000000000e+02 8.767000000000000348e-01
2.480000000000000000e+02 8.767000000000000348e-01
2.490000000000000000e+02 8.767000000000000348e-01
2.500000000000000000e+02 8.767000000000000348e-01
