0.855700 0.832000 0.792200 0.769700 0.741400
0.860300 0.850000 0.817700 0.797600 0.757100
0.824700 0.772000 0.710800 0.709700 0.646200
0.806400 0.794500 0.769200 0.746900 0.701500
0.853600 0.816200 0.762500 0.808700 0.754000
0.865800 0.857800 0.844900 0.823300 0.762900
0.860700 0.845300 0.831000 0.792900 0.745100
0.860600 0.808900 0.764000 0.722700 0.610700
0.842300 0.796800 0.773800 0.725200 0.711400
0.825300 0.643000 0.499600 0.367100 0.258400
0.860500 0.841200 0.809800 0.772200 0.664400
0.812800 0.811600 0.792100 0.764100 0.742900
0.848200 0.771800 0.671200 0.539700 0.332900
0.777300 0.781900 0.781100 0.690800 0.694800
0.841000 0.806300 0.764300 0.664000 0.569500
0.856400 0.844400 0.839900 0.831700 0.826500
0.859500 0.851500 0.847400 0.836000 0.806900
0.817800 0.784400 0.859300 0.810500 0.752700
