0.050000 0.875300 0.878100
0.062024 0.875300 0.878900
0.076939 0.875300 0.878600
0.095440 0.875300 0.879200
0.118391 0.875300 0.879700
0.146860 0.875300 0.879700
0.182176 0.875300 0.878300
0.225984 0.875300 0.878100
0.280327 0.875300 0.875400
0.347738 0.875300 0.873400
0.431359 0.875300 0.868600
0.535089 0.875300 0.863400
0.663763 0.875300 0.857000
0.823379 0.875300 0.848700
1.021379 0.875300 0.834000
1.266991 0.875300 0.818100
1.571667 0.875300 0.798500
1.949609 0.875300 0.777300
2.418435 0.875300 0.756600
3.000000 0.875300 0.731500
