1.000000000000000000e+00 1.000000000000000056e-01
2.000000000000000000e+00 1.000000000000000056e-01
3.000000000000000000e+00 1.000000000000000056e-01
4.000000000000000000e+00 1.605000000000000038e-01
5.000000000000000000e+00 1.819999999999999951e-01
6.000000000000000000e+00 4.818999999999999950e-01
7.000000000000000000e+00 4.924999999999999933e-01
8.000000000000000000e+00 6.429000000000000270e-01
9.000000000000000000e+00 6.630000000000000338e-01
1.000000000000000000e+01 7.330999999999999739e-01
1.100000000000000000e+01 7.466000000000000414e-01
1.200000000000000000e+01 7.833999999999999853e-01
1.300000000000000000e+01 7.941000000000000281e-01
1.400000000000000000e+01 8.128999999999999559e-01
1.500000000000000000e+01 8.195999999999999952e-01
1.600000000000000000e+01 8.324000000000000288e-01
1.700000000000000000e+01 8.393000000000000460e-01
1.800000000000000000e+01 8.447999999999999954e-01
1.900000000000000000e+01 8.497999999999999998e-01
2.000000000000000000e+01 8.552999999999999492e-01
2.100000000000000000e+01 8.601999999999999647e-01
2.200000000000000000e+01 8.620999999999999774e-01
2.300000000000000000e+01 8.659999999999999920e-01
2.400000000000000000e+01 8.670999999999999819e-01
2.500000000000000000e+01 8.691999999999999726e-01
2.600000000000000000e+01 8.691999999999999726e-01
2.700000000000000000e+01 8.719000000000000083e-01
2.800000000000000000e+01 8.726000000000000423e-01
2.900000000000000000e+01 8.754999999999999449e-01
3.000000000000000000e+01 8.756000000000000449e-01
3.100000000000000000e+01 8.771999999999999797e-01
3.200000000000000000e+01 8.773999999999999577e-01
3.300000000000000000e+01 8.800000000000000044e-01
3.400000000000000000e+01 8.796000000000000485e-01
3.500000000000000000e+01 8.803999999999999604e-01
3.600000000000000000e+01 8.799000000000000155e-01
3.700000000000000000e+01 8.803999999999999604e-01
3.800000000000000000e+01 8.804999999999999494e-01
3.900000000000000000e+01 8.810000000000000053e-01
4.000000000000000000e+01 8.811999999999999833e-01
4.100000000000000000e+01 8.813999999999999613e-01
4.200000000000000000e+01 8.819000000000000172e-01
4.300000000000000000e+01 8.818000000000000282e-01
4.400000000000000000e+01 8.819000000000000172e-01
4.500000000000000000e+01 8.832999999999999741e-01
4.600000000000000000e+01 8.836000000000000520e-01
4.700000000000000000e+01 8.840999999999999970e-01
4.800000000000000000e+01 8.844999999999999529e-01
4.900000000000000000e+01 8.846000000000000529e-01
5.000000000000000000e+01 8.844999999999999529e-01
5.100000000000000000e+01 8.848000000000000309e-01
5.200000000000000000e+01 8.848000000000000309e-01
5.300000000000000000e+01 8.850000000000000089e-01
5.400000000000000000e+01 8.850999999999999979e-01
5.500000000000000000e+01 8.854999999999999538e-01
5.600000000000000000e+01 8.858000000000000318e-01
5.700000000000000000e+01 8.858000000000000318e-01
5.800000000000000000e+01 8.860999999999999988e-01
5.900000000000000000e+01 8.861999999999999877e-01
6.000000000000000000e+01 8.860999999999999988e-01
6.100000000000000000e+01 8.861999999999999877e-01
6.200000000000000000e+01 8.861999999999999877e-01
6.300000000000000000e+01 8.861999999999999877e-01
6.400000000000000000e+01 8.859000000000000208e-01
6.500000000000000000e+01 8.860999999999999988e-01
6.600000000000000000e+01 8.860999999999999988e-01
6.700000000000000000e+01 8.866000000000000547e-01
6.800000000000000000e+01 8.857000000000000428e-01
6.900000000000000000e+01 8.860000000000000098e-01
7.000000000000000000e+01 8.854999999999999538e-01
7.100000000000000000e+01 8.858000000000000318e-01
7.200000000000000000e+01 8.854999999999999538e-01
7.300000000000000000e+01 8.860999999999999988e-01
7.400000000000000000e+01 8.860000000000000098e-01
7.500000000000000000e+01 8.863999999999999657e-01
7.600000000000000000e+01 8.860999999999999988e-01
7.700000000000000000e+01 8.867000000000000437e-01
7.800000000000000000e+01 8.864999999999999547e-01
7.900000000000000000e+01 8.870000000000000107e-01
8.000000000000000000e+01 8.866000000000000547e-01
8.100000000000000000e+01 8.870000000000000107e-01
8.200000000000000000e+01 8.868000000000000327e-01
8.300000000000000000e+01 8.871999999999999886e-01
8.400000000000000000e+01 8.867000000000000437e-01
8.500000000000000000e+01 8.870999999999999996e-01
8.600000000000000000e+01 8.870000000000000107e-01
8.700000000000000000e+01 8.872999999999999776e-01
8.800000000000000000e+01 8.868000000000000327e-01
8.900000000000000000e+01 8.870000000000000107e-01
9.000000000000000000e+01 8.870000000000000107e-01
9.100000000000000000e+01 8.871999999999999886e-01
9.200000000000000000e+01 8.870000000000000107e-01
9.300000000000000000e+01 8.872999999999999776e-01
9.400000000000000000e+01 8.870999999999999996e-01
9.500000000000000000e+01 8.873999999999999666e-01
9.600000000000000000e+01 8.870999999999999996e-01
9.700000000000000000e+01 8.872999999999999776e-01
9.800000000000000000e+01 8.870000000000000107e-01
9.900000000000000000e+01 8.870000000000000107e-01
1.000000000000000000e+02 8.870000000000000107e-01
1.010000000000000000e+02 8.869000000000000217e-01
1.020000000000000000e+02 8.868000000000000327e-01
1.030000000000000000e+02 8.867000000000000437e-01
1.040000000000000000e+02 8.867000000000000437e-01
1.050000000000000000e+02 8.868000000000000327e-01
1.060000000000000000e+02 8.868000000000000327e-01
1.070000000000000000e+02 8.867000000000000437e-01
1.080000000000000000e+02 8.867000000000000437e-01
1.090000000000000000e+02 8.866000000000000547e-01
1.100000000000000000e+02 8.867000000000000437e-01
1.110000000000000000e+02 8.867000000000000437e-01
1.120000000000000000e+02 8.868000000000000327e-01
1.130000000000000000e+02 8.868000000000000327e-01
1.140000000000000000e+02 8.868000000000000327e-01
1.150000000000000000e+02 8.866000000000000547e-01
1.160000000000000000e+02 8.866000000000000547e-01
1.170000000000000000e+02 8.868000000000000327e-01
1.180000000000000000e+02 8.868000000000000327e-01
1.190000000000000000e+02 8.868000000000000327e-01
1.200000000000000000e+02 8.868000000000000327e-01
1.210000000000000000e+02 8.869000000000000217e-01
1.220000000000000000e+02 8.869000000000000217e-01
1.230000000000000000e+02 8.869000000000000217e-01
1.240000000000000000e+02 8.868000000000000327e-01
1.250000000000000000e+02 8.868000000000000327e-01
1.260000000000000000e+02 8.869000000000000217e-01
1.270000000000000000e+02 8.870000000000000107e-01
1.280000000000000000e+02 8.870000000000000107e-01
1.290000000000000000e+02 8.870000000000000107e-01
1.300000000000000000e+02 8.869000000000000217e-01
1.310000000000000000e+02 8.869000000000000217e-01
1.320000000000000000e+02 8.869000000000000217e-01
1.330000000000000000e+02 8.870000000000000107e-01
1.340000000000000000e+02 8.870000000000000107e-01
1.350000000000000000e+02 8.870000000000000107e-01
1.360000000000000000e+02 8.870000000000000107e-01
1.370000000000000000e+02 8.870000000000000107e-01
1.380000000000000000e+02 8.869000000000000217e-01
1.390000000000000000e+02 8.869000000000000217e-01
1.400000000000000000e+02 8.869000000000000217e-01
1.410000000000000000e+02 8.869000000000000217e-01
1.420000000000000000e+02 8.869000000000000217e-01
1.430000000000000000e+02 8.869000000000000217e-01
1.440000000000000000e+02 8.868000000000000327e-01
1.450000000000000000e+02 8.868000000000000327e-01
1.460000000000000000e+02 8.869000000000000217e-01
1.470000000000000000e+02 8.870000000000000107e-01
1.480000000000000000e+02 8.869000000000000217e-01
1.490000000000000000e+02 8.869000000000000217e-01
1.500000000000000000e+02 8.868000000000000327e-01
1.510000000000000000e+02 8.869000000000000217e-01
1.520000000000000000e+02 8.869000000000000217e-01
1.530000000000000000e+02 8.869000000000000217e-01
1.540000000000000000e+02 8.870000000000000107e-01
1.550000000000000000e+02 8.870000000000000107e-01
1.560000000000000000e+02 8.870000000000000107e-01
1.570000000000000000e+02 8.869000000000000217e-01
1.580000000000000000e+02 8.868000000000000327e-01
1.590000000000000000e+02 8.868000000000000327e-01
1.600000000000000000e+02 8.868000000000000327e-01
1.610000000000000000e+02 8.868000000000000327e-01
1.620000000000000000e+02 8.869000000000000217e-01
1.630000000000000000e+02 8.869000000000000217e-01
1.640000000000000000e+02 8.869000000000000217e-01
1.650000000000000000e+02 8.869000000000000217e-01
1.660000000000000000e+02 8.870000000000000107e-01
1.670000000000000000e+02 8.870000000000000107e-01
1.680000000000000000e+02 8.870000000000000107e-01
1.690000000000000000e+02 8.870000000000000107e-01
1.700000000000000000e+02 8.870000000000000107e-01
1.710000000000000000e+02 8.870000000000000107e-01
1.720000000000000000e+02 8.870000000000000107e-01
1.730000000000000000e+02 8.870000000000000107e-01
1.740000000000000000e+02 8.870000000000000107e-01
1.750000000000000000e+02 8.870000000000000107e-01
1.760000000000000000e+02 8.870000000000000107e-01
1.770000000000000000e+02 8.870000000000000107e-01
1.780000000000000000e+02 8.870000000000000107e-01
1.790000000000000000e+02 8.870000000000000107e-01
1.800000000000000000e+02 8.869000000000000217e-01
1.810000000000000000e+02 8.868000000000000327e-01
1.820000000000000000e+02 8.868000000000000327e-01
1.830000000000000000e+02 8.868000000000000327e-01
1.840000000000000000e+02 8.868000000000000327e-01
1.850000000000000000e+02 8.868000000000000327e-01
1.860000000000000000e+02 8.868000000000000327e-01
1.870000000000000000e+02 8.868000000000000327e-01
1.880000000000000000e+02 8.868000000000000327e-01
1.890000000000000000e+02 8.868000000000000327e-01
1.900000000000000000e+02 8.868000000000000327e-01
1.910000000000000000e+02 8.868000000000000327e-01
1.920000000000000000e+02 8.868000000000000327e-01
1.930000000000000000e+02 8.868000000000000327e-01
1.940000000000000000e+02 8.868000000000000327e-01
1.950000000000000000e+02 8.868000000000000327e-01
1.960000000000000000e+02 8.868000000000000327e-01
1.970000000000000000e+02 8.868000000000000327e-01
1.980000000000000000e+02 8.868000000000000327e-01
1.990000000000000000e+02 8.868000000000000327e-01
2.000000000000000000e+02 8.868000000000000327e-01
2.010000000000000000e+02 8.868000000000000327e-01
2.020000000000000000e+02 8.869000000000000217e-01
2.030000000000000000e+02 8.868000000000000327e-01
2.040000000000000000e+02 8.869000000000000217e-01
2.050000000000000000e+02 8.868000000000000327e-01
2.060000000000000000e+02 8.869000000000000217e-01
2.070000000000000000e+02 8.868000000000000327e-01
2.080000000000000000e+02 8.869000000000000217e-01
2.090000000000000000e+02 8.868000000000000327e-01
2.100000000000000000e+02 8.869000000000000217e-01
2.110000000000000000e+02 8.869000000000000217e-01
2.120000000000000000e+02 8.869000000000000217e-01
2.130000000000000000e+02 8.869000000000000217e-01
2.140000000000000000e+02 8.869000000000000217e-01
2.150000000000000000e+02 8.869000000000000217e-01
2.160000000000000000e+02 8.869000000000000217e-01
2.170000000000000000e+02 8.869000000000000217e-01
2.180000000000000000e+02 8.869000000000000217e-01
2.190000000000000000e+02 8.869000000000000217e-01
2.200000000000000000e+02 8.870000000000000107e-01
2.210000000000000000e+02 8.870000000000000107e-01
2.220000000000000000e+02 8.870000000000000107e-01
2.230000000000000000e+02 8.870000000000000107e-01
2.240000000000000000e+02 8.870000000000000107e-01
2.250000000000000000e+02 8.870000000000000107e-01
2.260000000000000000e+02 8.870000000000000107e-01
2.270000000000000000e+02 8.870000000000000107e-01
2.280000000000000000e+02 8.870000000000000107e-01
2.290000000000000000e+02 8.870000000000000107e-01
2.300000000000000000e+02 8.870000000000000107e-01
2.310000000000000000e+02 8.870000000000000107e-01
2.320000000000000000e+02 8.870000000000000107e-01
2.330000000000000000e+02 8.870000000000000107e-01
2.340000000000000000e+02 8.870000000000000107e-01
2.350000000000000000e+02 8.870000000000000107e-01
2.360000000000000000e+02 8.870000000000000107e-01
2.370000000000000000e+02 8.870000000000000107e-01
2.380000000000000000e+02 8.870000000000000107e-01
2.390000000000000000e+02 8.870000000000000107e-01
2.400000000000000000e+02 8.870000000000000107e-01
2.410000000000000000e+02 8.870000000000000107e-01
2.420000000000000000e+02 8.870000000000000107e-01
2.430000000000000000e+02 8.870000000000000107e-01
2.440000000000000000e+02 8.870000000000000107e-01
2.450000000000000000e+02 8.870000000000000107e-01
2.460000000000000000e+02 8.870000000000000107e-01
2.470000000000000000e+02 8.870000000000000107e-01
2.480000000000000000e+02 8.870000000000000107e-01
2.490000000000000000e+02 8.870000000000000107e-01
2.500000000000000000e+02 8.870000000000000107e-01
