0.859300 0.831700 0.786500 0.763100 0.731000
0.865300 0.854800 0.815000 0.793400 0.748000
0.826700 0.774100 0.707200 0.706300 0.641600
0.810700 0.797800 0.768100 0.737400 0.692700
0.859400 0.819400 0.774000 0.809900 0.755600
0.872100 0.866700 0.853000 0.831800 0.769000
0.865500 0.846200 0.831100 0.788700 0.729600
0.866700 0.808500 0.765300 0.712100 0.590400
0.847800 0.798500 0.775200 0.732500 0.712000
0.837200 0.648300 0.493400 0.365100 0.263100
0.867200 0.846400 0.811400 0.769700 0.648400
0.819800 0.816400 0.792800 0.764200 0.739500
0.853000 0.780700 0.676900 0.550600 0.337100
0.764900 0.767400 0.767700 0.667000 0.666700
0.847900 0.804000 0.759100 0.650900 0.548500
0.863700 0.846900 0.843100 0.840200 0.829200
0.867400 0.855800 0.851600 0.831100 0.794100
0.821800 0.786900 0.864800 0.821700 0.750900
