0.050000 0.897200 0.814600
0.062024 0.894600 0.792700
0.076939 0.896160 0.757400
0.095440 0.894980 0.711900
0.118391 0.897120 0.642800
0.146860 0.896020 0.556400
0.182176 0.896320 0.455100
0.225984 0.895740 0.337100
0.280327 0.895640 0.227300
0.347738 0.895240 0.141100
0.431359 0.895960 0.094600
0.535089 0.894360 0.080200
0.663763 0.895380 0.077300
0.823379 0.896060 0.077200
1.021379 0.895620 0.077100
1.266991 0.896100 0.076600
1.571667 0.896320 0.076700
1.949609 0.894920 0.076900
2.418435 0.895100 0.077200
3.000000 0.897340 0.077300
