0.050000 0.985180 0.879300
0.062024 0.985300 0.868700
0.076939 0.985140 0.853400
0.095440 0.985000 0.829500
0.118391 0.984200 0.795800
0.146860 0.985200 0.748600
0.182176 0.984320 0.683000
0.225984 0.984880 0.590700
0.280327 0.985040 0.487900
0.347738 0.985320 0.370300
0.431359 0.985260 0.265100
0.535089 0.984840 0.201300
0.663763 0.984980 0.177100
0.823379 0.985060 0.168500
1.021379 0.985680 0.165100
1.266991 0.986020 0.160100
1.571667 0.985520 0.156600
1.949609 0.985880 0.152000
2.418435 0.985680 0.148600
3.000000 0.985320 0.145000
