0.050000 0.986660 0.875700
0.062024 0.985660 0.866300
0.076939 0.985660 0.848800
0.095440 0.986080 0.827200
0.118391 0.985360 0.794200
0.146860 0.986340 0.747500
0.182176 0.985300 0.682800
0.225984 0.986240 0.595300
0.280327 0.986220 0.486100
0.347738 0.985880 0.371100
0.431359 0.986800 0.268100
0.535089 0.985940 0.209900
0.663763 0.985000 0.187400
0.823379 0.986740 0.179000
1.021379 0.986460 0.174900
1.266991 0.985740 0.169500
1.571667 0.986300 0.164800
1.949609 0.986020 0.160000
2.418435 0.985560 0.155900
3.000000 0.986380 0.151000
