0.050000 0.985160 0.877200
0.062024 0.985720 0.866600
0.076939 0.985680 0.849600
0.095440 0.985880 0.827700
0.118391 0.986260 0.792300
0.146860 0.986080 0.745200
0.182176 0.985180 0.679800
0.225984 0.985640 0.593100
0.280327 0.986440 0.484200
0.347738 0.985900 0.367400
0.431359 0.985960 0.262300
0.535089 0.985280 0.204600
0.663763 0.985800 0.180600
0.823379 0.985620 0.172000
1.021379 0.985800 0.168200
1.266991 0.985420 0.164600
1.571667 0.985460 0.161000
1.949609 0.986140 0.156200
2.418435 0.986060 0.151700
3.000000 0.986140 0.147000
