0.050000 0.869980 0.818000
0.062024 0.870320 0.816800
0.076939 0.870960 0.816500
0.095440 0.871320 0.812700
0.118391 0.870060 0.810900
0.146860 0.869780 0.806300
0.182176 0.870840 0.800500
0.225984 0.870860 0.790500
0.280327 0.871460 0.775700
0.347738 0.870700 0.755600
0.431359 0.868780 0.728600
0.535089 0.871640 0.684000
0.663763 0.870940 0.625700
0.823379 0.870700 0.554300
1.021379 0.869900 0.461700
1.266991 0.870680 0.350200
1.571667 0.870060 0.243900
1.949609 0.870580 0.157500
2.418435 0.870920 0.107700
3.000000 0.869740 0.088300
