0.050000 0.912040 0.851100
0.062024 0.912700 0.850500
0.076939 0.911000 0.847800
0.095440 0.912540 0.844400
0.118391 0.911220 0.838700
0.146860 0.911920 0.831500
0.182176 0.911860 0.820800
0.225984 0.912440 0.804400
0.280327 0.912560 0.781900
0.347738 0.913440 0.749100
0.431359 0.912120 0.706200
0.535089 0.912760 0.647300
0.663763 0.911120 0.569000
0.823379 0.911880 0.467700
1.021379 0.913260 0.351500
1.266991 0.911900 0.239800
1.571667 0.910380 0.152300
1.949609 0.911320 0.101900
2.418435 0.912940 0.085100
3.000000 0.912740 0.082400
