0.050000 0.872540 0.820200
0.062024 0.871000 0.818600
0.076939 0.872220 0.817700
0.095440 0.872240 0.815400
0.118391 0.871980 0.813600
0.146860 0.872160 0.809500
0.182176 0.872240 0.804000
0.225984 0.871660 0.794300
0.280327 0.871560 0.779700
0.347738 0.870580 0.761000
0.431359 0.871540 0.730000
0.535089 0.871800 0.691100
0.663763 0.872140 0.634100
0.823379 0.871740 0.555800
1.021379 0.870700 0.461400
1.266991 0.873660 0.351000
1.571667 0.872100 0.244700
1.949609 0.871820 0.159400
2.418435 0.871440 0.108900
3.000000 0.872880 0.091800
