0.050000 0.913000 0.850900
0.062024 0.910200 0.848700
0.076939 0.911600 0.847000
0.095440 0.911640 0.844700
0.118391 0.912040 0.839400
0.146860 0.911540 0.831100
0.182176 0.911580 0.820100
0.225984 0.912460 0.805200
0.280327 0.912740 0.779300
0.347738 0.912200 0.751700
0.431359 0.910600 0.711400
0.535089 0.911020 0.649100
0.663763 0.910260 0.566500
0.823379 0.911300 0.467200
1.021379 0.912060 0.355100
1.266991 0.911340 0.244400
1.571667 0.911200 0.151100
1.949609 0.912040 0.100500
2.418435 0.913220 0.086100
3.000000 0.911740 0.082600
