0.050000 0.871760 0.819100
0.062024 0.872440 0.817400
0.076939 0.872080 0.814700
0.095440 0.870140 0.811700
0.118391 0.869440 0.809000
0.146860 0.870160 0.805200
0.182176 0.871000 0.798200
0.225984 0.870960 0.789900
0.280327 0.870120 0.777500
0.347738 0.873060 0.756700
0.431359 0.871540 0.727000
0.535089 0.870220 0.685900
0.663763 0.871680 0.627800
0.823379 0.870700 0.555100
1.021379 0.871480 0.457700
1.266991 0.872140 0.351200
1.571667 0.871960 0.243500
1.949609 0.871800 0.156100
2.418435 0.871620 0.105300
3.000000 0.870620 0.088600
