0.050000 0.870820 0.815500
0.062024 0.870680 0.815300
0.076939 0.871320 0.813700
0.095440 0.871180 0.812100
0.118391 0.870520 0.811200
0.146860 0.870600 0.805300
0.182176 0.872680 0.798900
0.225984 0.871380 0.788100
0.280327 0.871460 0.771600
0.347738 0.871020 0.753300
0.431359 0.871080 0.727300
0.535089 0.870720 0.686900
0.663763 0.871140 0.629900
0.823379 0.871980 0.556200
1.021379 0.869760 0.461500
1.266991 0.871520 0.349800
1.571667 0.870640 0.245500
1.949609 0.871260 0.155100
2.418435 0.871380 0.107600
3.000000 0.870300 0.090000
