0.050000 0.913700 0.850000
0.062024 0.912760 0.849600
0.076939 0.914120 0.847700
0.095440 0.914000 0.844000
0.118391 0.913400 0.840100
0.146860 0.914380 0.833200
0.182176 0.913320 0.821300
0.225984 0.914860 0.806000
0.280327 0.912360 0.784700
0.347738 0.913640 0.753800
0.431359 0.914300 0.711600
0.535089 0.913340 0.648600
0.663763 0.913960 0.567300
0.823379 0.912120 0.469800
1.021379 0.914440 0.354300
1.266991 0.913780 0.242200
1.571667 0.912640 0.150100
1.949609 0.912920 0.100900
2.418435 0.914160 0.084800
3.000000 0.914220 0.081900
