0.050000 0.833600 0.789000
0.062024 0.832640 0.786800
0.076939 0.833820 0.785400
0.095440 0.833680 0.784000
0.118391 0.832440 0.783800
0.146860 0.833440 0.782900
0.182176 0.833360 0.781200
0.225984 0.833080 0.775400
0.280327 0.833200 0.764600
0.347738 0.832720 0.748300
0.431359 0.832280 0.728200
0.535089 0.835760 0.698000
0.663763 0.833060 0.658500
0.823379 0.835800 0.603300
1.021379 0.833060 0.524500
1.266991 0.836520 0.424900
1.571667 0.832260 0.322700
1.949609 0.833120 0.222800
2.418435 0.834340 0.147400
3.000000 0.835440 0.106100
