0.050000 0.831000 0.792400
0.062024 0.830480 0.792700
0.076939 0.833160 0.792000
0.095440 0.832000 0.790800
0.118391 0.831720 0.787600
0.146860 0.833380 0.784500
0.182176 0.831880 0.779300
0.225984 0.832500 0.770300
0.280327 0.832540 0.761300
0.347738 0.834740 0.745600
0.431359 0.834160 0.724500
0.535089 0.833420 0.698100
0.663763 0.831960 0.655800
0.823379 0.833720 0.597600
1.021379 0.832800 0.521600
1.266991 0.830580 0.422700
1.571667 0.832080 0.320400
1.949609 0.832480 0.223300
2.418435 0.832260 0.146000
3.000000 0.834800 0.105600
