0.827800 0.687800 0.540400 0.469300 0.412900
0.862800 0.801200 0.641900 0.573500 0.481200
0.854400 0.792800 0.720300 0.721500 0.656300
0.830400 0.812100 0.775300 0.739500 0.682500
0.879100 0.820400 0.783500 0.787900 0.697900
0.899900 0.891600 0.880900 0.868700 0.828100
0.863200 0.753000 0.694800 0.591800 0.497400
0.895800 0.827000 0.768900 0.694300 0.552300
0.861700 0.787200 0.789200 0.766200 0.740100
0.883700 0.771400 0.642700 0.436400 0.236600
0.895900 0.874300 0.830700 0.768400 0.617600
0.851700 0.849200 0.815700 0.787800 0.763400
0.891300 0.858800 0.800400 0.728900 0.524400
0.668000 0.684300 0.718000 0.547700 0.587700
0.822600 0.727000 0.630900 0.422800 0.282000
0.873200 0.850800 0.842400 0.837100 0.821800
0.889800 0.869700 0.855900 0.790000 0.666100
0.864300 0.835100 0.886100 0.836600 0.762600
0.871000 0.828500 0.765300 0.757700 0.687000
