0.784500 0.770000 0.749600 0.734900 0.722900
0.787600 0.783800 0.764400 0.757800 0.730100
0.767300 0.746300 0.718000 0.718700 0.691100
0.758300 0.755800 0.747500 0.738800 0.719400
0.782200 0.764100 0.742500 0.763000 0.726200
0.788700 0.787800 0.775500 0.753400 0.684600
0.787300 0.781800 0.773800 0.752000 0.724700
0.784800 0.755600 0.738700 0.720700 0.683500
0.780800 0.763900 0.744000 0.703300 0.670300
0.736200 0.495600 0.353000 0.260400 0.192500
0.784500 0.771900 0.757100 0.744000 0.703900
0.750400 0.754900 0.745100 0.735700 0.730200
0.764400 0.668900 0.561700 0.443000 0.295400
0.755500 0.753800 0.750700 0.720300 0.723400
0.779100 0.757500 0.735700 0.677900 0.621300
0.784400 0.778800 0.775900 0.773400 0.771800
0.784500 0.780000 0.778500 0.770500 0.760600
0.749700 0.723900 0.782000 0.729500 0.655100
0.765500 0.720700 0.667200 0.671600 0.626700
