0.565400 0.572800 0.572800 0.564600 0.553400
0.559400 0.563500 0.575100 0.570000 0.557400
0.441700 0.382600 0.339500 0.337900 0.315900
0.411600 0.394000 0.374200 0.355900 0.335800
0.559000 0.558600 0.530500 0.521500 0.487500
0.526300 0.492400 0.450700 0.406300 0.320500
0.557500 0.563600 0.563400 0.562700 0.542500
0.520600 0.407900 0.372500 0.344400 0.306200
0.527700 0.482900 0.455800 0.391500 0.350100
0.391500 0.261600 0.227300 0.184400 0.145500
0.519900 0.455500 0.410300 0.378900 0.327200
0.434700 0.427200 0.399700 0.387000 0.381300
0.438100 0.323600 0.267700 0.234200 0.195800
0.488000 0.482900 0.438100 0.437600 0.404500
0.561300 0.563700 0.552000 0.493500 0.414900
0.545700 0.529400 0.525200 0.517300 0.509900
0.535800 0.520400 0.513500 0.486800 0.459800
0.462300 0.439600 0.587000 0.582200 0.539400
