0.421000 0.429200 0.442400 0.447000 0.451700
0.415200 0.420500 0.431100 0.436900 0.444400
0.344000 0.314900 0.290700 0.289400 0.277200
0.326200 0.318700 0.308700 0.298800 0.285100
0.415700 0.421600 0.410400 0.400100 0.393100
0.384300 0.348200 0.318600 0.287500 0.242300
0.415200 0.418800 0.421400 0.426700 0.435000
0.387800 0.325900 0.306600 0.292000 0.274000
0.385500 0.342300 0.328800 0.282900 0.254800
0.287100 0.203900 0.169500 0.138100 0.123700
0.387400 0.352400 0.327200 0.310100 0.283600
0.336900 0.333900 0.319600 0.314000 0.310300
0.318800 0.249500 0.217600 0.188800 0.161100
0.376400 0.373200 0.345800 0.352500 0.325700
0.418700 0.428400 0.433400 0.438300 0.428500
0.407800 0.402200 0.398400 0.395400 0.390900
0.399500 0.385600 0.384600 0.366800 0.348900
0.330000 0.319100 0.461100 0.472800 0.450700
