0.825000 0.717400 0.592800 0.539400 0.492200
0.860100 0.802500 0.666900 0.621700 0.543700
0.853500 0.803100 0.739300 0.735700 0.672700
0.831100 0.813200 0.780700 0.749800 0.691200
0.873000 0.819600 0.786400 0.792800 0.707200
0.897600 0.894200 0.883400 0.870700 0.832000
0.857400 0.763500 0.720100 0.636600 0.561900
0.894600 0.832900 0.768900 0.704500 0.559900
0.860200 0.785800 0.789800 0.762700 0.749200
0.887400 0.776400 0.644300 0.435700 0.230200
0.894700 0.876900 0.834300 0.768100 0.628700
0.854200 0.852300 0.823800 0.793000 0.769900
0.893000 0.862600 0.808400 0.728800 0.526100
0.668800 0.688400 0.718600 0.557900 0.589700
0.824100 0.742100 0.650000 0.472800 0.338400
0.873800 0.850300 0.843100 0.833900 0.820400
0.888400 0.868300 0.853200 0.788900 0.661500
0.869100 0.837600 0.885100 0.833400 0.763300
0.873200 0.831800 0.762300 0.764100 0.682900
