0.814500 0.795500 0.766700 0.752000 0.730800
0.821300 0.813600 0.786300 0.775200 0.741000
0.797200 0.772300 0.741500 0.743900 0.706900
0.791000 0.785500 0.773200 0.760500 0.737900
0.816100 0.795700 0.764500 0.789400 0.745600
0.824500 0.818900 0.809400 0.791300 0.731100
0.822400 0.810100 0.800800 0.770000 0.731700
0.818000 0.785200 0.766700 0.741900 0.694700
0.815200 0.792400 0.772200 0.733500 0.707800
0.776700 0.546500 0.391400 0.277100 0.200200
0.818000 0.804000 0.786000 0.771400 0.721900
0.780300 0.786400 0.773200 0.763000 0.754500
0.800000 0.715100 0.604700 0.482000 0.309900
0.777000 0.777600 0.780600 0.738900 0.744300
0.806600 0.781000 0.752600 0.678000 0.603300
0.816000 0.811500 0.809100 0.807200 0.804400
0.819100 0.813700 0.812900 0.803300 0.789000
0.785600 0.761900 0.806900 0.745700 0.672800
0.801100 0.760300 0.710300 0.715700 0.672900
