0.785200 0.771500 0.749400 0.734300 0.717600
0.789600 0.785100 0.766000 0.752900 0.729500
0.771300 0.745800 0.719200 0.719800 0.694300
0.762400 0.757000 0.746000 0.737300 0.717800
0.783800 0.766100 0.740900 0.760600 0.722400
0.794000 0.791300 0.780700 0.759000 0.688300
0.790900 0.783200 0.774000 0.751400 0.722800
0.788200 0.760300 0.743400 0.725500 0.683900
0.785100 0.763000 0.744300 0.703900 0.675100
0.739800 0.501800 0.354000 0.256100 0.194600
0.787800 0.776900 0.761300 0.747600 0.708100
0.750100 0.757800 0.747500 0.738900 0.728900
0.765600 0.670000 0.563200 0.447300 0.292200
0.753700 0.754300 0.750400 0.718100 0.721900
0.779800 0.757700 0.733800 0.670700 0.613400
0.786100 0.781100 0.781300 0.779600 0.777600
0.788000 0.783700 0.782000 0.773800 0.762100
0.753200 0.730200 0.779500 0.721300 0.652200
0.768700 0.721700 0.673200 0.675600 0.636700
