0.840800 0.817800 0.780500 0.754800 0.728300
0.846200 0.838300 0.804300 0.782300 0.738100
0.822700 0.793300 0.755600 0.756100 0.712400
0.813100 0.807300 0.792100 0.776800 0.747400
0.843000 0.813900 0.782400 0.808600 0.756500
0.853600 0.848800 0.838400 0.823800 0.771900
0.847000 0.830700 0.816100 0.779000 0.726400
0.846500 0.810400 0.784900 0.755600 0.691400
0.838200 0.816800 0.791800 0.761800 0.746400
0.811500 0.600900 0.432400 0.297200 0.200000
0.846900 0.834400 0.812600 0.788600 0.724600
0.812100 0.810300 0.801500 0.784000 0.775700
0.830500 0.755100 0.659600 0.539800 0.337600
0.794200 0.797700 0.800500 0.739100 0.750800
0.830600 0.799500 0.759900 0.669200 0.577000
0.842500 0.835800 0.835200 0.831000 0.828500
0.846700 0.839700 0.838100 0.824900 0.807300
0.815500 0.792300 0.838700 0.781600 0.700700
0.832100 0.801900 0.750300 0.750800 0.706800
