0.782700 0.768300 0.748300 0.731600 0.717000
0.784900 0.781900 0.761600 0.753000 0.725600
0.764900 0.743600 0.717300 0.715100 0.685300
0.756500 0.754000 0.741700 0.733900 0.713000
0.781300 0.763400 0.739400 0.762100 0.724000
0.792600 0.786400 0.774100 0.755700 0.686800
0.788200 0.778800 0.772600 0.750900 0.718400
0.785400 0.755200 0.736800 0.721700 0.680500
0.781600 0.761800 0.741500 0.702200 0.672300
0.731600 0.483200 0.343700 0.249000 0.189400
0.785600 0.771300 0.756300 0.740800 0.704500
0.747000 0.753900 0.746900 0.735800 0.729300
0.760300 0.657800 0.548300 0.431500 0.286200
0.752300 0.752700 0.749200 0.717800 0.718600
0.776800 0.754500 0.733200 0.677100 0.614800
0.782200 0.777600 0.776900 0.773500 0.771600
0.783900 0.779800 0.775900 0.769300 0.758400
0.747500 0.723200 0.780800 0.725700 0.652000
0.761500 0.717500 0.661900 0.668800 0.621800
