0.050000 0.872100 0.874500
0.062024 0.872100 0.876200
0.076939 0.872100 0.877000
0.095440 0.872100 0.876700
0.118391 0.872100 0.876900
0.146860 0.872100 0.878800
0.182176 0.872100 0.879600
0.225984 0.872100 0.878700
0.280327 0.872100 0.877600
0.347738 0.872100 0.876100
0.431359 0.872100 0.872700
0.535089 0.872100 0.866500
0.663763 0.872100 0.860600
0.823379 0.872100 0.851600
1.021379 0.872100 0.839600
1.266991 0.872100 0.827500
1.571667 0.872100 0.810000
1.949609 0.872100 0.788500
2.418435 0.872100 0.767600
3.000000 0.872100 0.738000
