0.854900 0.823500 0.779100 0.752300 0.717300
0.861300 0.850200 0.811700 0.781000 0.735600
0.823300 0.766800 0.703600 0.702700 0.643600
0.808800 0.793700 0.765700 0.738600 0.686700
0.854300 0.814000 0.761900 0.808400 0.749000
0.868800 0.862100 0.847000 0.824400 0.769800
0.862200 0.839900 0.823200 0.775500 0.714200
0.863000 0.802300 0.755900 0.706300 0.592200
0.841300 0.791400 0.768300 0.725100 0.713600
0.824800 0.640800 0.491400 0.362500 0.256200
0.862800 0.840300 0.804100 0.761100 0.643800
0.813800 0.814900 0.786400 0.758100 0.730200
0.844800 0.769400 0.672000 0.538900 0.323200
0.755400 0.753600 0.757200 0.648700 0.656300
0.839600 0.794300 0.746500 0.635300 0.530500
0.855400 0.843700 0.833500 0.830600 0.819300
0.861900 0.851100 0.844800 0.822900 0.788100
0.820700 0.788700 0.861600 0.818800 0.759400
