0.050000 0.987440 0.856100
0.062024 0.987740 0.840100
0.076939 0.987060 0.809700
0.095440 0.988320 0.767900
0.118391 0.988300 0.712200
0.146860 0.987160 0.632000
0.182176 0.987500 0.533000
0.225984 0.988120 0.421300
0.280327 0.986720 0.308200
0.347738 0.987920 0.224700
0.431359 0.987200 0.176900
0.535089 0.988040 0.159400
0.663763 0.988020 0.151600
0.823379 0.987960 0.146800
1.021379 0.987500 0.142200
1.266991 0.988940 0.138400
1.571667 0.988460 0.134300
1.949609 0.987780 0.130700
2.418435 0.987440 0.127600
3.000000 0.987180 0.124600
