0.050000 0.871420 0.822600
0.062024 0.871860 0.822400
0.076939 0.872860 0.820300
0.095440 0.872680 0.817300
0.118391 0.872940 0.813700
0.146860 0.873300 0.808300
0.182176 0.872440 0.801500
0.225984 0.873180 0.793600
0.280327 0.872700 0.778400
0.347738 0.872260 0.755800
0.431359 0.871900 0.723700
0.535089 0.872300 0.684400
0.663763 0.873980 0.628600
0.823379 0.873000 0.552900
1.021379 0.872460 0.458400
1.266991 0.872980 0.344800
1.571667 0.872760 0.241400
1.949609 0.872440 0.153200
2.418435 0.873080 0.105100
3.000000 0.875100 0.089500
