0.050000 0.913760 0.850800
0.062024 0.914080 0.849300
0.076939 0.914080 0.848300
0.095440 0.914960 0.845600
0.118391 0.913020 0.840600
0.146860 0.913880 0.833300
0.182176 0.914600 0.824000
0.225984 0.914520 0.808000
0.280327 0.913960 0.785000
0.347738 0.913400 0.756000
0.431359 0.912440 0.715400
0.535089 0.914040 0.653900
0.663763 0.913340 0.571100
0.823379 0.912580 0.469300
1.021379 0.912600 0.352500
1.266991 0.912900 0.244800
1.571667 0.913860 0.153900
1.949609 0.911380 0.104600
2.418435 0.912860 0.088300
3.000000 0.912900 0.084700
