0.050000 0.871480 0.819800
0.062024 0.871900 0.819900
0.076939 0.870700 0.816300
0.095440 0.871500 0.814600
0.118391 0.871880 0.812200
0.146860 0.872320 0.807400
0.182176 0.870700 0.801000
0.225984 0.871120 0.788400
0.280327 0.871320 0.774600
0.347738 0.870320 0.756800
0.431359 0.869980 0.725500
0.535089 0.871180 0.684200
0.663763 0.872040 0.628100
0.823379 0.872460 0.553600
1.021379 0.872400 0.458700
1.266991 0.872580 0.351600
1.571667 0.871340 0.241600
1.949609 0.872220 0.156300
2.418435 0.870680 0.106000
3.000000 0.871440 0.088700
