0.050000 0.984620 0.881500
0.062024 0.986040 0.869500
0.076939 0.986240 0.855400
0.095440 0.985620 0.832300
0.118391 0.985660 0.797100
0.146860 0.985320 0.751900
0.182176 0.985240 0.688200
0.225984 0.985520 0.602000
0.280327 0.986180 0.492500
0.347738 0.986080 0.373700
0.431359 0.985620 0.268900
0.535089 0.985920 0.207500
0.663763 0.985820 0.186000
0.823379 0.985300 0.176800
1.021379 0.986680 0.173200
1.266991 0.985760 0.168800
1.571667 0.985300 0.164800
1.949609 0.985360 0.160000
2.418435 0.985160 0.154900
3.000000 0.985480 0.150900
