0.050000 0.985920 0.878200
0.062024 0.986340 0.867300
0.076939 0.985580 0.847200
0.095440 0.984780 0.821100
0.118391 0.986540 0.787600
0.146860 0.986100 0.741900
0.182176 0.984800 0.678000
0.225984 0.986040 0.589400
0.280327 0.986200 0.483400
0.347738 0.985820 0.366100
0.431359 0.986120 0.258000
0.535089 0.985260 0.198300
0.663763 0.985980 0.175400
0.823379 0.985620 0.166400
1.021379 0.985200 0.161000
1.266991 0.985240 0.157600
1.571667 0.985780 0.153400
1.949609 0.985920 0.149800
2.418435 0.986520 0.145800
3.000000 0.985780 0.142300
