0.050000 0.832020 0.791200
0.062024 0.831120 0.790500
0.076939 0.830160 0.788200
0.095440 0.832380 0.786500
0.118391 0.830220 0.784200
0.146860 0.831500 0.780900
0.182176 0.832860 0.775000
0.225984 0.830600 0.768400
0.280327 0.831460 0.760700
0.347738 0.831280 0.745200
0.431359 0.831180 0.724200
0.535089 0.833140 0.695200
0.663763 0.831900 0.659200
0.823379 0.833320 0.597800
1.021379 0.832240 0.527000
1.266991 0.830280 0.429100
1.571667 0.833100 0.322300
1.949609 0.832720 0.226000
2.418435 0.833020 0.147900
3.000000 0.831420 0.106800
