0.050000 0.913640 0.851600
0.062024 0.911760 0.850000
0.076939 0.913160 0.849900
0.095440 0.913280 0.846700
0.118391 0.912200 0.842100
0.146860 0.912580 0.832800
0.182176 0.912720 0.823700
0.225984 0.913420 0.811100
0.280327 0.913240 0.787500
0.347738 0.912140 0.756000
0.431359 0.913780 0.713800
0.535089 0.912880 0.653300
0.663763 0.912940 0.570500
0.823379 0.911720 0.467200
1.021379 0.912940 0.356200
1.266991 0.913120 0.243700
1.571667 0.912620 0.155400
1.949609 0.911920 0.105500
2.418435 0.911920 0.089400
3.000000 0.912960 0.086300
