0.050000 0.833260 0.789000
0.062024 0.833120 0.788700
0.076939 0.833300 0.787000
0.095440 0.831500 0.784200
0.118391 0.831900 0.781500
0.146860 0.833140 0.775500
0.182176 0.832980 0.772200
0.225984 0.831060 0.767000
0.280327 0.832620 0.757500
0.347738 0.833000 0.743700
0.431359 0.833580 0.722600
0.535089 0.833980 0.693000
0.663763 0.831960 0.652700
0.823379 0.832760 0.593600
1.021379 0.832580 0.515600
1.266991 0.832840 0.423900
1.571667 0.833160 0.319000
1.949609 0.831800 0.219700
2.418435 0.832220 0.144900
3.000000 0.832520 0.105900
