0.050000 0.831460 0.790400
0.062024 0.831720 0.791300
0.076939 0.830280 0.789600
0.095440 0.830980 0.788100
0.118391 0.831340 0.784100
0.146860 0.831400 0.779800
0.182176 0.830820 0.775300
0.225984 0.831660 0.770900
0.280327 0.832000 0.760800
0.347738 0.833040 0.747800
0.431359 0.832640 0.729300
0.535089 0.831640 0.699500
0.663763 0.831860 0.656500
0.823379 0.831440 0.596100
1.021379 0.832120 0.522900
1.266991 0.831260 0.432200
1.571667 0.831340 0.324700
1.949609 0.831120 0.226500
2.418435 0.833080 0.151200
3.000000 0.831900 0.109200
