0.050000 0.986200 0.877700
0.062024 0.986240 0.867400
0.076939 0.985500 0.851100
0.095440 0.985820 0.830500
0.118391 0.985460 0.796200
0.146860 0.986560 0.747000
0.182176 0.986420 0.682200
0.225984 0.985720 0.594500
0.280327 0.986380 0.485600
0.347738 0.985340 0.365800
0.431359 0.985660 0.264900
0.535089 0.986380 0.204800
0.663763 0.986600 0.183500
0.823379 0.985860 0.173000
1.021379 0.986480 0.168900
1.266991 0.985200 0.164700
1.571667 0.985720 0.160000
1.949609 0.985520 0.155600
2.418435 0.985820 0.150100
3.000000 0.985540 0.145800
