0.050000 0.914320 0.852000
0.062024 0.913620 0.850300
0.076939 0.914640 0.849700
0.095440 0.914020 0.847900
0.118391 0.913160 0.843300
0.146860 0.914840 0.836000
0.182176 0.913580 0.827500
0.225984 0.913640 0.810700
0.280327 0.913640 0.790300
0.347738 0.912400 0.757600
0.431359 0.911280 0.710800
0.535089 0.912940 0.647900
0.663763 0.911560 0.568200
0.823379 0.914080 0.469600
1.021379 0.913420 0.355400
1.266991 0.912140 0.243000
1.571667 0.914160 0.155100
1.949609 0.913160 0.102400
2.418435 0.912540 0.088000
3.000000 0.912600 0.085100
