0.050000 0.834400 0.791900
0.062024 0.831880 0.790200
0.076939 0.833660 0.790000
0.095440 0.831460 0.788100
0.118391 0.832780 0.784500
0.146860 0.832460 0.781800
0.182176 0.834880 0.777800
0.225984 0.831540 0.772000
0.280327 0.832940 0.761400
0.347738 0.831880 0.748300
0.431359 0.834980 0.727900
0.535089 0.832580 0.696700
0.663763 0.833700 0.653500
0.823379 0.833160 0.599100
1.021379 0.833460 0.521000
1.266991 0.831800 0.424900
1.571667 0.832040 0.323400
1.949609 0.831660 0.226700
2.418435 0.831220 0.149600
3.000000 0.834000 0.106400
