0.842400 0.818600 0.780900 0.761100 0.731900
0.848200 0.840100 0.806400 0.787100 0.747400
0.825800 0.797800 0.758300 0.760600 0.714000
0.812300 0.806600 0.790100 0.775500 0.749200
0.845200 0.819500 0.787100 0.808900 0.757700
0.853000 0.848400 0.837600 0.822900 0.771500
0.848600 0.831800 0.819600 0.781800 0.736700
0.847500 0.813900 0.788500 0.758500 0.693000
0.842400 0.818300 0.793100 0.760800 0.749500
0.814500 0.605800 0.438600 0.303600 0.208500
0.847700 0.834200 0.814400 0.793000 0.730800
0.813400 0.812300 0.801100 0.786300 0.778400
0.832500 0.757800 0.656700 0.537400 0.339500
0.801400 0.799100 0.801900 0.742900 0.759000
0.830800 0.804300 0.764200 0.667800 0.574500
0.843200 0.838700 0.837100 0.834300 0.829700
0.847000 0.840300 0.838500 0.827300 0.811700
0.814800 0.790500 0.840700 0.787100 0.716100
0.833900 0.796900 0.748400 0.751000 0.708700
