0.843600 0.821000 0.782800 0.757300 0.731800
0.849100 0.840200 0.805800 0.785600 0.744900
0.826300 0.795000 0.758600 0.759600 0.718900
0.815200 0.805000 0.789400 0.776200 0.749600
0.845100 0.818800 0.786900 0.813800 0.757600
0.853400 0.847900 0.840000 0.827700 0.774400
0.849700 0.832800 0.818200 0.781100 0.734800
0.848100 0.812700 0.786800 0.760600 0.693100
0.840900 0.815700 0.792900 0.761600 0.744000
0.813200 0.601000 0.427600 0.291800 0.201900
0.848500 0.834700 0.814000 0.790900 0.730200
0.812700 0.815600 0.804400 0.787500 0.777600
0.832100 0.760600 0.659600 0.533900 0.335400
0.800200 0.803700 0.806600 0.741000 0.758100
0.834000 0.802300 0.759800 0.670100 0.582700
0.845300 0.839500 0.837700 0.835200 0.831100
0.847100 0.841600 0.841500 0.827700 0.809000
0.816900 0.792200 0.842000 0.789500 0.710900
0.831800 0.801800 0.748500 0.748200 0.704400
