0.824900 0.701100 0.555500 0.489800 0.423100
0.861500 0.802100 0.655500 0.593300 0.492400
0.855000 0.791700 0.726200 0.724700 0.658800
0.828800 0.813400 0.779100 0.743400 0.686800
0.880300 0.826800 0.790900 0.801800 0.716700
0.897700 0.893500 0.884600 0.872000 0.828800
0.858700 0.757700 0.706300 0.603000 0.509800
0.898200 0.831900 0.776300 0.705800 0.566500
0.864300 0.783500 0.788200 0.765300 0.739100
0.884000 0.763300 0.629700 0.426200 0.240200
0.897900 0.879600 0.835900 0.777400 0.628700
0.852100 0.847000 0.826200 0.786300 0.770100
0.893600 0.858600 0.801800 0.724900 0.514400
0.665000 0.686600 0.720100 0.547700 0.594800
0.820200 0.722900 0.620000 0.380600 0.233100
0.873500 0.852400 0.845700 0.837300 0.825500
0.889400 0.872600 0.856800 0.790000 0.676300
0.866900 0.835200 0.887900 0.836500 0.762500
0.872200 0.827900 0.756000 0.753000 0.667900
