0.844300 0.821000 0.783300 0.758400 0.732200
0.848500 0.838200 0.805400 0.783500 0.743700
0.824200 0.790700 0.753600 0.756400 0.712500
0.813300 0.806000 0.787900 0.771300 0.739300
0.844700 0.819000 0.789500 0.812600 0.763700
0.854100 0.848100 0.835700 0.819600 0.769000
0.848700 0.831600 0.818600 0.779400 0.733200
0.849900 0.811800 0.784900 0.754700 0.687900
0.842900 0.815400 0.791900 0.758100 0.740100
0.810600 0.586400 0.426500 0.297400 0.203600
0.849700 0.831700 0.812700 0.787500 0.725800
0.807800 0.811000 0.798400 0.781100 0.773900
0.831900 0.750900 0.649000 0.526900 0.335500
0.797900 0.801200 0.801100 0.740800 0.756400
0.833400 0.800800 0.766500 0.675100 0.581600
0.846400 0.838300 0.837600 0.832800 0.832900
0.848800 0.844200 0.838700 0.825900 0.805300
0.815200 0.789400 0.838900 0.782300 0.708600
0.829400 0.792000 0.742100 0.744800 0.696400
