0.786700 0.771200 0.751400 0.736800 0.723500
0.788500 0.784500 0.765000 0.754900 0.730200
0.770400 0.745100 0.717600 0.719300 0.688000
0.759500 0.755700 0.744800 0.735700 0.717500
0.785000 0.768400 0.743800 0.763900 0.726400
0.793900 0.789900 0.776300 0.752900 0.677600
0.789200 0.782400 0.774500 0.753000 0.725600
0.787800 0.758200 0.740300 0.721600 0.683100
0.782600 0.766900 0.746200 0.706700 0.672300
0.738100 0.492100 0.350200 0.251900 0.190700
0.787400 0.774400 0.759100 0.744500 0.705500
0.752600 0.752900 0.746900 0.736000 0.728000
0.761600 0.670800 0.557800 0.441600 0.294300
0.751400 0.754700 0.751400 0.720800 0.719500
0.780300 0.758300 0.737400 0.679900 0.625500
0.784600 0.779900 0.778000 0.775600 0.775800
0.787100 0.783700 0.781100 0.772700 0.761200
0.754400 0.731700 0.781200 0.723500 0.649800
0.768200 0.722600 0.668500 0.674600 0.632000
