0.809200 0.796200 0.767600 0.747500 0.729500
0.816400 0.810000 0.785700 0.770700 0.739700
0.796500 0.769900 0.739800 0.740300 0.702500
0.786000 0.779800 0.766800 0.756000 0.729600
0.813100 0.792300 0.762000 0.786100 0.744200
0.818400 0.811700 0.800200 0.782500 0.722100
0.816900 0.807400 0.796500 0.768400 0.730400
0.815700 0.786000 0.763600 0.740500 0.689700
0.810300 0.788000 0.766900 0.729200 0.705800
0.775200 0.545000 0.391200 0.275600 0.199000
0.815900 0.804300 0.786800 0.768300 0.718200
0.778800 0.782500 0.770200 0.760000 0.755700
0.793900 0.713800 0.607600 0.481500 0.316000
0.776900 0.777900 0.774900 0.744300 0.745800
0.804000 0.782000 0.752200 0.676300 0.599600
0.813100 0.808000 0.803900 0.802700 0.800300
0.814700 0.806900 0.808400 0.797100 0.783100
0.778600 0.751300 0.806400 0.756900 0.687200
0.790000 0.751500 0.701900 0.704000 0.664300
