0.812200 0.792600 0.766600 0.748800 0.728300
0.816500 0.809100 0.784600 0.770100 0.741700
0.797500 0.773400 0.738700 0.738500 0.704100
0.790300 0.786300 0.771800 0.759800 0.738100
0.813600 0.787000 0.762600 0.783000 0.741500
0.820400 0.816500 0.803400 0.787000 0.723400
0.817200 0.805500 0.796900 0.770900 0.730800
0.817700 0.787200 0.764100 0.742500 0.691800
0.810600 0.788800 0.767700 0.730900 0.706800
0.774600 0.534600 0.382800 0.274300 0.197100
0.817600 0.804100 0.787400 0.769600 0.723200
0.784200 0.785200 0.772500 0.763100 0.760000
0.794600 0.703300 0.597500 0.475200 0.308100
0.775900 0.778800 0.776500 0.733100 0.745200
0.803200 0.778500 0.749000 0.678800 0.605700
0.812500 0.809300 0.804200 0.805700 0.800700
0.816700 0.811100 0.808900 0.798800 0.787800
0.785300 0.757200 0.807700 0.749300 0.679400
0.796100 0.760600 0.705500 0.711300 0.665800
