0.512500 0.529400 0.517900 0.508500 0.500300
0.578600 0.587700 0.580100 0.577100 0.569300
0.392900 0.391900 0.399200 0.388800 0.394500
0.402200 0.392800 0.417300 0.400800 0.397500
0.648200 0.648200 0.647600 0.648800 0.638500
0.664600 0.667500 0.666300 0.669400 0.666900
0.581500 0.587300 0.585500 0.577400 0.561800
0.420300 0.420200 0.427500 0.418600 0.415500
0.597700 0.598800 0.600500 0.601800 0.585200
0.309800 0.315200 0.323200 0.311100 0.314800
0.483200 0.481000 0.489400 0.485300 0.477800
0.482400 0.482000 0.501700 0.487800 0.483300
0.407600 0.412100 0.421700 0.411100 0.408500
0.479500 0.464300 0.467700 0.467700 0.461500
0.476600 0.478300 0.478100 0.482200 0.464500
0.629200 0.635600 0.632500 0.639200 0.629100
0.639500 0.645000 0.644200 0.643300 0.640600
0.689700 0.700200 0.689300 0.698700 0.687500
