0.823600 0.704800 0.576900 0.511100 0.447700
0.858800 0.800200 0.658100 0.604200 0.504000
0.855900 0.803000 0.729900 0.734400 0.667900
0.832000 0.812200 0.777700 0.745400 0.690500
0.878000 0.828100 0.785500 0.789500 0.701000
0.896400 0.892300 0.880300 0.867100 0.832200
0.855700 0.756800 0.704800 0.607800 0.509400
0.893000 0.831600 0.773600 0.709500 0.567900
0.862300 0.791500 0.790300 0.768400 0.744000
0.882300 0.772500 0.637700 0.422900 0.234700
0.893100 0.878100 0.833800 0.773800 0.634700
0.852800 0.852700 0.823300 0.791700 0.767500
0.892600 0.859300 0.804600 0.731000 0.522900
0.676600 0.688000 0.719300 0.561000 0.598900
0.823800 0.723000 0.619400 0.366800 0.215100
0.874900 0.849200 0.841200 0.832000 0.820100
0.886800 0.866600 0.853300 0.790400 0.657600
0.867700 0.836200 0.887900 0.837000 0.761500
0.872900 0.830400 0.760800 0.754900 0.676200
