0.841500 0.817800 0.776500 0.753700 0.724800
0.846900 0.837200 0.801400 0.778900 0.735000
0.824200 0.792000 0.751000 0.752400 0.713500
0.811500 0.802900 0.787700 0.773400 0.745800
0.842500 0.817700 0.784600 0.807800 0.758800
0.853700 0.848400 0.836700 0.823000 0.767900
0.848300 0.829300 0.815200 0.773600 0.723600
0.847000 0.810300 0.781200 0.752000 0.687500
0.837500 0.810200 0.788100 0.758000 0.744400
0.811700 0.594900 0.431000 0.301200 0.204200
0.846800 0.832600 0.811100 0.786000 0.723500
0.808000 0.811400 0.796800 0.781400 0.775200
0.831100 0.759500 0.652500 0.532000 0.330900
0.795700 0.798200 0.802400 0.739300 0.754000
0.826700 0.797000 0.756400 0.657000 0.565000
0.843300 0.837600 0.835200 0.832700 0.830200
0.847100 0.839000 0.838900 0.825900 0.808100
0.814300 0.787100 0.837800 0.782800 0.704600
0.830100 0.800100 0.745900 0.749200 0.698000
