0.481000 0.489000 0.500800 0.502200 0.501800
0.474500 0.479200 0.491700 0.493700 0.500400
0.383100 0.341400 0.315700 0.313200 0.293700
0.364400 0.351500 0.336700 0.322400 0.306300
0.476300 0.479400 0.462400 0.454900 0.442600
0.436400 0.398700 0.363900 0.327400 0.265600
0.472800 0.478200 0.480500 0.486600 0.489600
0.437200 0.359500 0.336500 0.316800 0.288700
0.437700 0.392100 0.378600 0.321500 0.287600
0.328400 0.227700 0.190800 0.157300 0.129600
0.436700 0.391700 0.360100 0.340800 0.304300
0.375400 0.369700 0.350500 0.341600 0.339500
0.362500 0.276500 0.240800 0.213500 0.188300
0.421800 0.415700 0.378200 0.390600 0.359700
0.478600 0.488100 0.492100 0.476800 0.443700
0.464000 0.455100 0.450100 0.445500 0.439600
0.451700 0.438600 0.434500 0.412000 0.389600
0.380300 0.364600 0.515300 0.512700 0.480000
