0.811800 0.793900 0.764800 0.747400 0.728600
0.814900 0.809100 0.784000 0.770500 0.737500
0.793200 0.766000 0.735100 0.736600 0.703900
0.783100 0.780300 0.766300 0.754500 0.731300
0.812700 0.788300 0.762000 0.784300 0.743000
0.821700 0.816800 0.804200 0.785800 0.724300
0.815600 0.806300 0.796600 0.766300 0.730300
0.815200 0.779000 0.761000 0.741300 0.691300
0.811000 0.792200 0.770800 0.732600 0.706800
0.772300 0.546200 0.389900 0.278700 0.200700
0.815300 0.800400 0.780900 0.765500 0.719900
0.775500 0.783800 0.771500 0.758700 0.752200
0.795800 0.711600 0.607300 0.479000 0.312500
0.777700 0.776500 0.775300 0.738300 0.742300
0.802900 0.778000 0.750300 0.681700 0.605600
0.812800 0.806500 0.806600 0.802000 0.800100
0.814700 0.809400 0.805700 0.796600 0.781900
0.779700 0.757200 0.805800 0.749800 0.676600
0.795900 0.759100 0.699400 0.706500 0.665400
