0.783700 0.767300 0.749900 0.734800 0.720700
0.786900 0.783600 0.765200 0.753100 0.729300
0.766200 0.741900 0.714900 0.716000 0.693800
0.756300 0.753300 0.743300 0.733500 0.712900
0.784600 0.764300 0.740400 0.760200 0.721600
0.791500 0.786700 0.772900 0.754000 0.682200
0.789700 0.781600 0.773900 0.752800 0.726700
0.786000 0.755300 0.738200 0.720600 0.681500
0.781800 0.762200 0.740100 0.703800 0.668600
0.735600 0.488500 0.347300 0.250600 0.193100
0.785800 0.770900 0.755100 0.743200 0.704000
0.751500 0.753400 0.743600 0.732000 0.729700
0.761500 0.667300 0.556500 0.435500 0.290400
0.751800 0.753500 0.748800 0.717300 0.719000
0.776000 0.754500 0.736200 0.678100 0.614100
0.783600 0.780200 0.777600 0.776000 0.772400
0.785700 0.781600 0.779200 0.769500 0.756300
0.749600 0.725100 0.781800 0.728700 0.657300
0.765900 0.719900 0.663800 0.669600 0.630200
