0.697900 0.592900 0.471500 0.419700 0.386500
0.723300 0.686900 0.559400 0.500300 0.423100
0.538900 0.418600 0.349400 0.350500 0.309600
0.487800 0.445700 0.397500 0.360600 0.318900
0.725400 0.682300 0.618700 0.644600 0.560600
0.730900 0.711100 0.682200 0.648300 0.562300
0.721900 0.650800 0.600800 0.500800 0.419200
0.700500 0.464300 0.371700 0.314100 0.251600
0.701900 0.619100 0.602700 0.550900 0.509700
0.593000 0.346600 0.268800 0.219300 0.146200
0.700600 0.591000 0.469500 0.378600 0.276900
0.565500 0.544000 0.478600 0.431900 0.417400
0.649300 0.495100 0.386300 0.309300 0.221200
0.512400 0.506800 0.494600 0.411800 0.415000
0.682200 0.597100 0.506100 0.351100 0.243300
0.697000 0.649600 0.633400 0.606600 0.578900
0.722500 0.692000 0.676000 0.609600 0.512700
0.662300 0.627900 0.761800 0.735300 0.677800
