0.815100 0.796300 0.770600 0.752100 0.733100
0.817700 0.813600 0.786400 0.775100 0.743100
0.795900 0.772700 0.742200 0.743700 0.709200
0.788200 0.782100 0.771300 0.758000 0.736500
0.811100 0.792400 0.763700 0.787300 0.747000
0.819200 0.813500 0.804200 0.788200 0.726000
0.817900 0.809900 0.799700 0.769000 0.734600
0.815900 0.782800 0.763000 0.744600 0.694400
0.810500 0.787400 0.766300 0.727900 0.706800
0.778600 0.546100 0.389300 0.274300 0.203300
0.816000 0.803300 0.783700 0.767600 0.724500
0.780100 0.782600 0.775200 0.763400 0.756500
0.798600 0.713800 0.607100 0.480000 0.313200
0.781500 0.777700 0.780200 0.740900 0.746000
0.806500 0.782200 0.752500 0.684400 0.609600
0.815100 0.808800 0.807600 0.805200 0.801300
0.814700 0.810800 0.809600 0.798800 0.785200
0.778100 0.752000 0.808700 0.753600 0.684500
0.794000 0.754800 0.704500 0.707400 0.668100
