0.829600 0.696800 0.555500 0.484500 0.422400
0.861800 0.800900 0.651400 0.587200 0.484300
0.854900 0.797700 0.728900 0.731000 0.666600
0.830600 0.815500 0.782000 0.747100 0.690800
0.873200 0.828100 0.783800 0.797000 0.706800
0.896800 0.891300 0.884000 0.872000 0.833000
0.857900 0.757300 0.704700 0.598600 0.508500
0.894600 0.834000 0.773100 0.703400 0.564800
0.859200 0.783900 0.789600 0.757400 0.734500
0.881300 0.771700 0.632900 0.421400 0.228500
0.895200 0.877300 0.836600 0.771800 0.630600
0.854200 0.849000 0.823100 0.789900 0.770000
0.892900 0.857800 0.799500 0.718100 0.509700
0.664900 0.681100 0.716900 0.537700 0.587300
0.827600 0.738300 0.629200 0.401100 0.265700
0.871200 0.853700 0.843800 0.834800 0.822300
0.887700 0.870400 0.858100 0.793100 0.682100
0.866700 0.834000 0.886700 0.837300 0.764200
0.870700 0.829500 0.756700 0.751300 0.666300
