1.000000000000000000e+00 1.000000000000000056e-01
2.000000000000000000e+00 1.000000000000000056e-01
3.000000000000000000e+00 1.000000000000000056e-01
4.000000000000000000e+00 1.910000000000000031e-01
5.000000000000000000e+00 2.104000000000000037e-01
6.000000000000000000e+00 5.197000000000000508e-01
7.000000000000000000e+00 5.366999999999999549e-01
8.000000000000000000e+00 6.774999999999999911e-01
9.000000000000000000e+00 6.974000000000000199e-01
1.000000000000000000e+01 7.520000000000000018e-01
1.100000000000000000e+01 7.690000000000000169e-01
1.200000000000000000e+01 7.963000000000000078e-01
1.300000000000000000e+01 8.066999999999999726e-01
1.400000000000000000e+01 8.212000000000000410e-01
1.500000000000000000e+01 8.274000000000000243e-01
1.600000000000000000e+01 8.367999999999999883e-01
1.700000000000000000e+01 8.398999999999999799e-01
1.800000000000000000e+01 8.457999999999999963e-01
1.900000000000000000e+01 8.501999999999999558e-01
2.000000000000000000e+01 8.550999999999999712e-01
2.100000000000000000e+01 8.569999999999999840e-01
2.200000000000000000e+01 8.609999999999999876e-01
2.300000000000000000e+01 8.615000000000000435e-01
2.400000000000000000e+01 8.650999999999999801e-01
2.500000000000000000e+01 8.646000000000000352e-01
2.600000000000000000e+01 8.667000000000000259e-01
2.700000000000000000e+01 8.657000000000000250e-01
2.800000000000000000e+01 8.676000000000000378e-01
2.900000000000000000e+01 8.675000000000000488e-01
3.000000000000000000e+01 8.681999999999999718e-01
3.100000000000000000e+01 8.685000000000000497e-01
3.200000000000000000e+01 8.689999999999999947e-01
3.300000000000000000e+01 8.702999999999999625e-01
3.400000000000000000e+01 8.711999999999999744e-01
3.500000000000000000e+01 8.717000000000000304e-01
3.600000000000000000e+01 8.716000000000000414e-01
3.700000000000000000e+01 8.712999999999999634e-01
3.800000000000000000e+01 8.712999999999999634e-01
3.900000000000000000e+01 8.711999999999999744e-01
4.000000000000000000e+01 8.713999999999999524e-01
4.100000000000000000e+01 8.716000000000000414e-01
4.200000000000000000e+01 8.722999999999999643e-01
4.300000000000000000e+01 8.725000000000000533e-01
4.400000000000000000e+01 8.726000000000000423e-01
4.500000000000000000e+01 8.729000000000000092e-01
4.600000000000000000e+01 8.735000000000000542e-01
4.700000000000000000e+01 8.731999999999999762e-01
4.800000000000000000e+01 8.731999999999999762e-01
4.900000000000000000e+01 8.735000000000000542e-01
5.000000000000000000e+01 8.737000000000000322e-01
5.100000000000000000e+01 8.729999999999999982e-01
5.200000000000000000e+01 8.729000000000000092e-01
5.300000000000000000e+01 8.726000000000000423e-01
5.400000000000000000e+01 8.729999999999999982e-01
5.500000000000000000e+01 8.729000000000000092e-01
5.600000000000000000e+01 8.729000000000000092e-01
5.700000000000000000e+01 8.729000000000000092e-01
5.800000000000000000e+01 8.725000000000000533e-01
5.900000000000000000e+01 8.727000000000000313e-01
6.000000000000000000e+01 8.729000000000000092e-01
6.100000000000000000e+01 8.730999999999999872e-01
6.200000000000000000e+01 8.730999999999999872e-01
6.300000000000000000e+01 8.729000000000000092e-01
6.400000000000000000e+01 8.730999999999999872e-01
6.500000000000000000e+01 8.732999999999999652e-01
6.600000000000000000e+01 8.731999999999999762e-01
6.700000000000000000e+01 8.730999999999999872e-01
6.800000000000000000e+01 8.730999999999999872e-01
6.900000000000000000e+01 8.729999999999999982e-01
7.000000000000000000e+01 8.732999999999999652e-01
7.100000000000000000e+01 8.731999999999999762e-01
7.200000000000000000e+01 8.731999999999999762e-01
7.300000000000000000e+01 8.731999999999999762e-01
7.400000000000000000e+01 8.732999999999999652e-01
7.500000000000000000e+01 8.729999999999999982e-01
7.600000000000000000e+01 8.729999999999999982e-01
7.700000000000000000e+01 8.728000000000000203e-01
7.800000000000000000e+01 8.729000000000000092e-01
7.900000000000000000e+01 8.728000000000000203e-01
8.000000000000000000e+01 8.727000000000000313e-01
8.100000000000000000e+01 8.727000000000000313e-01
8.200000000000000000e+01 8.726000000000000423e-01
8.300000000000000000e+01 8.725000000000000533e-01
8.400000000000000000e+01 8.725000000000000533e-01
8.500000000000000000e+01 8.722999999999999643e-01
8.600000000000000000e+01 8.720999999999999863e-01
8.700000000000000000e+01 8.721999999999999753e-01
8.800000000000000000e+01 8.721999999999999753e-01
8.900000000000000000e+01 8.723999999999999533e-01
9.000000000000000000e+01 8.723999999999999533e-01
9.100000000000000000e+01 8.723999999999999533e-01
9.200000000000000000e+01 8.725000000000000533e-01
9.300000000000000000e+01 8.725000000000000533e-01
9.400000000000000000e+01 8.725000000000000533e-01
9.500000000000000000e+01 8.722999999999999643e-01
9.600000000000000000e+01 8.722999999999999643e-01
9.700000000000000000e+01 8.721999999999999753e-01
9.800000000000000000e+01 8.723999999999999533e-01
9.900000000000000000e+01 8.725000000000000533e-01
1.000000000000000000e+02 8.722999999999999643e-01
1.010000000000000000e+02 8.721999999999999753e-01
1.020000000000000000e+02 8.721999999999999753e-01
1.030000000000000000e+02 8.720999999999999863e-01
1.040000000000000000e+02 8.720999999999999863e-01
1.050000000000000000e+02 8.720999999999999863e-01
1.060000000000000000e+02 8.719999999999999973e-01
1.070000000000000000e+02 8.720999999999999863e-01
1.080000000000000000e+02 8.720999999999999863e-01
1.090000000000000000e+02 8.721999999999999753e-01
1.100000000000000000e+02 8.720999999999999863e-01
1.110000000000000000e+02 8.720999999999999863e-01
1.120000000000000000e+02 8.720999999999999863e-01
1.130000000000000000e+02 8.721999999999999753e-01
1.140000000000000000e+02 8.720999999999999863e-01
1.150000000000000000e+02 8.720999999999999863e-01
1.160000000000000000e+02 8.721999999999999753e-01
1.170000000000000000e+02 8.722999999999999643e-01
1.180000000000000000e+02 8.723999999999999533e-01
1.190000000000000000e+02 8.725000000000000533e-01
1.200000000000000000e+02 8.723999999999999533e-01
1.210000000000000000e+02 8.723999999999999533e-01
1.220000000000000000e+02 8.723999999999999533e-01
1.230000000000000000e+02 8.723999999999999533e-01
1.240000000000000000e+02 8.722999999999999643e-01
1.250000000000000000e+02 8.722999999999999643e-01
1.260000000000000000e+02 8.722999999999999643e-01
1.270000000000000000e+02 8.721999999999999753e-01
1.280000000000000000e+02 8.721999999999999753e-01
1.290000000000000000e+02 8.720999999999999863e-01
1.300000000000000000e+02 8.719999999999999973e-01
1.310000000000000000e+02 8.719999999999999973e-01
1.320000000000000000e+02 8.719000000000000083e-01
1.330000000000000000e+02 8.719000000000000083e-01
1.340000000000000000e+02 8.719000000000000083e-01
1.350000000000000000e+02 8.719999999999999973e-01
1.360000000000000000e+02 8.719999999999999973e-01
1.370000000000000000e+02 8.719999999999999973e-01
1.380000000000000000e+02 8.719999999999999973e-01
1.390000000000000000e+02 8.719999999999999973e-01
1.400000000000000000e+02 8.719999999999999973e-01
1.410000000000000000e+02 8.719999999999999973e-01
1.420000000000000000e+02 8.719000000000000083e-01
1.430000000000000000e+02 8.719000000000000083e-01
1.440000000000000000e+02 8.718000000000000194e-01
1.450000000000000000e+02 8.718000000000000194e-01
1.460000000000000000e+02 8.718000000000000194e-01
1.470000000000000000e+02 8.717000000000000304e-01
1.480000000000000000e+02 8.717000000000000304e-01
1.490000000000000000e+02 8.717000000000000304e-01
1.500000000000000000e+02 8.717000000000000304e-01
1.510000000000000000e+02 8.717000000000000304e-01
1.520000000000000000e+02 8.717000000000000304e-01
1.530000000000000000e+02 8.716000000000000414e-01
1.540000000000000000e+02 8.716000000000000414e-01
1.550000000000000000e+02 8.716000000000000414e-01
1.560000000000000000e+02 8.716000000000000414e-01
1.570000000000000000e+02 8.716000000000000414e-01
1.580000000000000000e+02 8.716000000000000414e-01
1.590000000000000000e+02 8.716000000000000414e-01
1.600000000000000000e+02 8.716000000000000414e-01
1.610000000000000000e+02 8.716000000000000414e-01
1.620000000000000000e+02 8.715000000000000524e-01
1.630000000000000000e+02 8.715000000000000524e-01
1.640000000000000000e+02 8.715000000000000524e-01
1.650000000000000000e+02 8.715000000000000524e-01
1.660000000000000000e+02 8.715000000000000524e-01
1.670000000000000000e+02 8.715000000000000524e-01
1.680000000000000000e+02 8.715000000000000524e-01
1.690000000000000000e+02 8.715000000000000524e-01
1.700000000000000000e+02 8.716000000000000414e-01
1.710000000000000000e+02 8.716000000000000414e-01
1.720000000000000000e+02 8.716000000000000414e-01
1.730000000000000000e+02 8.716000000000000414e-01
1.740000000000000000e+02 8.716000000000000414e-01
1.750000000000000000e+02 8.716000000000000414e-01
1.760000000000000000e+02 8.716000000000000414e-01
1.770000000000000000e+02 8.716000000000000414e-01
1.780000000000000000e+02 8.715000000000000524e-01
1.790000000000000000e+02 8.715000000000000524e-01
1.800000000000000000e+02 8.715000000000000524e-01
1.810000000000000000e+02 8.715000000000000524e-01
1.820000000000000000e+02 8.716000000000000414e-01
1.830000000000000000e+02 8.716000000000000414e-01
1.840000000000000000e+02 8.716000000000000414e-01
1.850000000000000000e+02 8.716000000000000414e-01
1.860000000000000000e+02 8.716000000000000414e-01
1.870000000000000000e+02 8.715000000000000524e-01
1.880000000000000000e+02 8.715000000000000524e-01
1.890000000000000000e+02 8.715000000000000524e-01
1.900000000000000000e+02 8.715000000000000524e-01
1.910000000000000000e+02 8.715000000000000524e-01
1.920000000000000000e+02 8.715000000000000524e-01
1.930000000000000000e+02 8.715000000000000524e-01
1.940000000000000000e+02 8.715000000000000524e-01
1.950000000000000000e+02 8.715000000000000524e-01
1.960000000000000000e+02 8.715000000000000524e-01
1.970000000000000000e+02 8.715000000000000524e-01
1.980000000000000000e+02 8.713999999999999524e-01
1.990000000000000000e+02 8.713999999999999524e-01
2.000000000000000000e+02 8.713999999999999524e-01
2.010000000000000000e+02 8.712999999999999634e-01
2.020000000000000000e+02 8.712999999999999634e-01
2.030000000000000000e+02 8.712999999999999634e-01
2.040000000000000000e+02 8.712999999999999634e-01
2.050000000000000000e+02 8.712999999999999634e-01
2.060000000000000000e+02 8.712999999999999634e-01
2.070000000000000000e+02 8.712999999999999634e-01
2.080000000000000000e+02 8.712999999999999634e-01
2.090000000000000000e+02 8.712999999999999634e-01
2.100000000000000000e+02 8.712999999999999634e-01
2.110000000000000000e+02 8.712999999999999634e-01
2.120000000000000000e+02 8.712999999999999634e-01
2.130000000000000000e+02 8.713999999999999524e-01
2.140000000000000000e+02 8.713999999999999524e-01
2.150000000000000000e+02 8.713999999999999524e-01
2.160000000000000000e+02 8.713999999999999524e-01
2.170000000000000000e+02 8.713999999999999524e-01
2.180000000000000000e+02 8.713999999999999524e-01
2.190000000000000000e+02 8.713999999999999524e-01
2.200000000000000000e+02 8.713999999999999524e-01
2.210000000000000000e+02 8.713999999999999524e-01
2.220000000000000000e+02 8.713999999999999524e-01
2.230000000000000000e+02 8.713999999999999524e-01
2.240000000000000000e+02 8.713999999999999524e-01
2.250000000000000000e+02 8.715000000000000524e-01
2.260000000000000000e+02 8.715000000000000524e-01
2.270000000000000000e+02 8.715000000000000524e-01
2.280000000000000000e+02 8.715000000000000524e-01
2.290000000000000000e+02 8.715000000000000524e-01
2.300000000000000000e+02 8.715000000000000524e-01
2.310000000000000000e+02 8.715000000000000524e-01
2.320000000000000000e+02 8.715000000000000524e-01
2.330000000000000000e+02 8.715000000000000524e-01
2.340000000000000000e+02 8.715000000000000524e-01
2.350000000000000000e+02 8.715000000000000524e-01
2.360000000000000000e+02 8.715000000000000524e-01
2.370000000000000000e+02 8.715000000000000524e-01
2.380000000000000000e+02 8.715000000000000524e-01
2.390000000000000000e+02 8.715000000000000524e-01
2.400000000000000000e+02 8.715000000000000524e-01
2.410000000000000000e+02 8.715000000000000524e-01
2.420000000000000000e+02 8.715000000000000524e-01
2.430000000000000000e+02 8.715000000000000524e-01
2.440000000000000000e+02 8.715000000000000524e-01
2.450000000000000000e+02 8.715000000000000524e-01
2.460000000000000000e+02 8.715000000000000524e-01
2.470000000000000000e+02 8.715000000000000524e-01
2.480000000000000000e+02 8.715000000000000524e-01
2.490000000000000000e+02 8.715000000000000524e-01
2.500000000000000000e+02 8.715000000000000524e-01
