0.856400 0.828200 0.783100 0.756300 0.720500
0.862700 0.855900 0.818200 0.795000 0.738300
0.820900 0.767900 0.709300 0.706000 0.645200
0.794300 0.782500 0.755700 0.724100 0.672200
0.851200 0.811000 0.754400 0.788900 0.719600
0.868000 0.859400 0.845600 0.823200 0.760900
0.865900 0.847900 0.836300 0.790800 0.722200
0.861000 0.795500 0.747900 0.694100 0.574800
0.838600 0.793700 0.763800 0.711900 0.705200
0.831200 0.654500 0.501700 0.355500 0.235400
0.861200 0.836600 0.798700 0.752500 0.628200
0.809300 0.805900 0.779500 0.746600 0.717900
0.848600 0.779000 0.680200 0.556000 0.338500
0.753200 0.752500 0.753100 0.649200 0.672100
0.845000 0.796900 0.748800 0.633200 0.515800
0.856600 0.844400 0.836700 0.830900 0.820900
0.860400 0.853600 0.846500 0.833400 0.802200
0.810500 0.781100 0.859200 0.821500 0.770100
