0.050000 0.876400 0.879300
0.062024 0.876400 0.880100
0.076939 0.876400 0.880900
0.095440 0.876400 0.882000
0.118391 0.876400 0.881700
0.146860 0.876400 0.881700
0.182176 0.876400 0.880800
0.225984 0.876400 0.878700
0.280327 0.876400 0.877300
0.347738 0.876400 0.874800
0.431359 0.876400 0.871100
0.535089 0.876400 0.866500
0.663763 0.876400 0.858800
0.823379 0.876400 0.850400
1.021379 0.876400 0.839000
1.266991 0.876400 0.830100
1.571667 0.876400 0.815100
1.949609 0.876400 0.800600
2.418435 0.876400 0.778000
3.000000 0.876400 0.757300
