1.000000000000000000e+00 1.000000000000000056e-01
2.000000000000000000e+00 1.000000000000000056e-01
3.000000000000000000e+00 1.000000000000000056e-01
4.000000000000000000e+00 1.459000000000000019e-01
5.000000000000000000e+00 1.661999999999999866e-01
6.000000000000000000e+00 4.682999999999999940e-01
7.000000000000000000e+00 4.759999999999999787e-01
8.000000000000000000e+00 6.340000000000000080e-01
9.000000000000000000e+00 6.461999999999999966e-01
1.000000000000000000e+01 7.208999999999999853e-01
1.100000000000000000e+01 7.355000000000000426e-01
1.200000000000000000e+01 7.725999999999999535e-01
1.300000000000000000e+01 7.855999999999999650e-01
1.400000000000000000e+01 8.072000000000000286e-01
1.500000000000000000e+01 8.168999999999999595e-01
1.600000000000000000e+01 8.286000000000000032e-01
1.700000000000000000e+01 8.385000000000000231e-01
1.800000000000000000e+01 8.444000000000000394e-01
1.900000000000000000e+01 8.525000000000000355e-01
2.000000000000000000e+01 8.567000000000000171e-01
2.100000000000000000e+01 8.608999999999999986e-01
2.200000000000000000e+01 8.639999999999999902e-01
2.300000000000000000e+01 8.665000000000000480e-01
2.400000000000000000e+01 8.692999999999999616e-01
2.500000000000000000e+01 8.722999999999999643e-01
2.600000000000000000e+01 8.737000000000000322e-01
2.700000000000000000e+01 8.747000000000000330e-01
2.800000000000000000e+01 8.761999999999999789e-01
2.900000000000000000e+01 8.764999999999999458e-01
3.000000000000000000e+01 8.776000000000000467e-01
3.100000000000000000e+01 8.787000000000000366e-01
3.200000000000000000e+01 8.792999999999999705e-01
3.300000000000000000e+01 8.794999999999999485e-01
3.400000000000000000e+01 8.810000000000000053e-01
3.500000000000000000e+01 8.817000000000000393e-01
3.600000000000000000e+01 8.824999999999999512e-01
3.700000000000000000e+01 8.823999999999999622e-01
3.800000000000000000e+01 8.823999999999999622e-01
3.900000000000000000e+01 8.821999999999999842e-01
4.000000000000000000e+01 8.830000000000000071e-01
4.100000000000000000e+01 8.833999999999999631e-01
4.200000000000000000e+01 8.840000000000000080e-01
4.300000000000000000e+01 8.842999999999999750e-01
4.400000000000000000e+01 8.850000000000000089e-01
4.500000000000000000e+01 8.850000000000000089e-01
4.600000000000000000e+01 8.860000000000000098e-01
4.700000000000000000e+01 8.859000000000000208e-01
4.800000000000000000e+01 8.862999999999999767e-01
4.900000000000000000e+01 8.861999999999999877e-01
5.000000000000000000e+01 8.868000000000000327e-01
5.100000000000000000e+01 8.866000000000000547e-01
5.200000000000000000e+01 8.872999999999999776e-01
5.300000000000000000e+01 8.867000000000000437e-01
5.400000000000000000e+01 8.868000000000000327e-01
5.500000000000000000e+01 8.866000000000000547e-01
5.600000000000000000e+01 8.870999999999999996e-01
5.700000000000000000e+01 8.868000000000000327e-01
5.800000000000000000e+01 8.870000000000000107e-01
5.900000000000000000e+01 8.871999999999999886e-01
6.000000000000000000e+01 8.870999999999999996e-01
6.100000000000000000e+01 8.872999999999999776e-01
6.200000000000000000e+01 8.870000000000000107e-01
6.300000000000000000e+01 8.870999999999999996e-01
6.400000000000000000e+01 8.869000000000000217e-01
6.500000000000000000e+01 8.872999999999999776e-01
6.600000000000000000e+01 8.874999999999999556e-01
6.700000000000000000e+01 8.874999999999999556e-01
6.800000000000000000e+01 8.877000000000000446e-01
6.900000000000000000e+01 8.874999999999999556e-01
7.000000000000000000e+01 8.877000000000000446e-01
7.100000000000000000e+01 8.877000000000000446e-01
7.200000000000000000e+01 8.874999999999999556e-01
7.300000000000000000e+01 8.875999999999999446e-01
7.400000000000000000e+01 8.874999999999999556e-01
7.500000000000000000e+01 8.875999999999999446e-01
7.600000000000000000e+01 8.874999999999999556e-01
7.700000000000000000e+01 8.872999999999999776e-01
7.800000000000000000e+01 8.872999999999999776e-01
7.900000000000000000e+01 8.872999999999999776e-01
8.000000000000000000e+01 8.874999999999999556e-01
8.100000000000000000e+01 8.873999999999999666e-01
8.200000000000000000e+01 8.877000000000000446e-01
8.300000000000000000e+01 8.874999999999999556e-01
8.400000000000000000e+01 8.875999999999999446e-01
8.500000000000000000e+01 8.874999999999999556e-01
8.600000000000000000e+01 8.873999999999999666e-01
8.700000000000000000e+01 8.871999999999999886e-01
8.800000000000000000e+01 8.871999999999999886e-01
8.900000000000000000e+01 8.870999999999999996e-01
9.000000000000000000e+01 8.870999999999999996e-01
9.100000000000000000e+01 8.870000000000000107e-01
9.200000000000000000e+01 8.870000000000000107e-01
9.300000000000000000e+01 8.869000000000000217e-01
9.400000000000000000e+01 8.867000000000000437e-01
9.500000000000000000e+01 8.870000000000000107e-01
9.600000000000000000e+01 8.870000000000000107e-01
9.700000000000000000e+01 8.870000000000000107e-01
9.800000000000000000e+01 8.869000000000000217e-01
9.900000000000000000e+01 8.869000000000000217e-01
1.000000000000000000e+02 8.868000000000000327e-01
1.010000000000000000e+02 8.869000000000000217e-01
1.020000000000000000e+02 8.868000000000000327e-01
1.030000000000000000e+02 8.867000000000000437e-01
1.040000000000000000e+02 8.869000000000000217e-01
1.050000000000000000e+02 8.868000000000000327e-01
1.060000000000000000e+02 8.868000000000000327e-01
1.070000000000000000e+02 8.866000000000000547e-01
1.080000000000000000e+02 8.867000000000000437e-01
1.090000000000000000e+02 8.864999999999999547e-01
1.100000000000000000e+02 8.863999999999999657e-01
1.110000000000000000e+02 8.863999999999999657e-01
1.120000000000000000e+02 8.864999999999999547e-01
1.130000000000000000e+02 8.866000000000000547e-01
1.140000000000000000e+02 8.867000000000000437e-01
1.150000000000000000e+02 8.868000000000000327e-01
1.160000000000000000e+02 8.868000000000000327e-01
1.170000000000000000e+02 8.867000000000000437e-01
1.180000000000000000e+02 8.867000000000000437e-01
1.190000000000000000e+02 8.866000000000000547e-01
1.200000000000000000e+02 8.866000000000000547e-01
1.210000000000000000e+02 8.867000000000000437e-01
1.220000000000000000e+02 8.868000000000000327e-01
1.230000000000000000e+02 8.867000000000000437e-01
1.240000000000000000e+02 8.866000000000000547e-01
1.250000000000000000e+02 8.867000000000000437e-01
1.260000000000000000e+02 8.867000000000000437e-01
1.270000000000000000e+02 8.867000000000000437e-01
1.280000000000000000e+02 8.867000000000000437e-01
1.290000000000000000e+02 8.867000000000000437e-01
1.300000000000000000e+02 8.867000000000000437e-01
1.310000000000000000e+02 8.867000000000000437e-01
1.320000000000000000e+02 8.867000000000000437e-01
1.330000000000000000e+02 8.866000000000000547e-01
1.340000000000000000e+02 8.866000000000000547e-01
1.350000000000000000e+02 8.866000000000000547e-01
1.360000000000000000e+02 8.864999999999999547e-01
1.370000000000000000e+02 8.864999999999999547e-01
1.380000000000000000e+02 8.863999999999999657e-01
1.390000000000000000e+02 8.863999999999999657e-01
1.400000000000000000e+02 8.862999999999999767e-01
1.410000000000000000e+02 8.862999999999999767e-01
1.420000000000000000e+02 8.861999999999999877e-01
1.430000000000000000e+02 8.862999999999999767e-01
1.440000000000000000e+02 8.863999999999999657e-01
1.450000000000000000e+02 8.863999999999999657e-01
1.460000000000000000e+02 8.862999999999999767e-01
1.470000000000000000e+02 8.861999999999999877e-01
1.480000000000000000e+02 8.860999999999999988e-01
1.490000000000000000e+02 8.860999999999999988e-01
1.500000000000000000e+02 8.860999999999999988e-01
1.510000000000000000e+02 8.860999999999999988e-01
1.520000000000000000e+02 8.860000000000000098e-01
1.530000000000000000e+02 8.860000000000000098e-01
1.540000000000000000e+02 8.860999999999999988e-01
1.550000000000000000e+02 8.860999999999999988e-01
1.560000000000000000e+02 8.860999999999999988e-01
1.570000000000000000e+02 8.860000000000000098e-01
1.580000000000000000e+02 8.860000000000000098e-01
1.590000000000000000e+02 8.860999999999999988e-01
1.600000000000000000e+02 8.860999999999999988e-01
1.610000000000000000e+02 8.860999999999999988e-01
1.620000000000000000e+02 8.860999999999999988e-01
1.630000000000000000e+02 8.861999999999999877e-01
1.640000000000000000e+02 8.863999999999999657e-01
1.650000000000000000e+02 8.863999999999999657e-01
1.660000000000000000e+02 8.862999999999999767e-01
1.670000000000000000e+02 8.862999999999999767e-01
1.680000000000000000e+02 8.862999999999999767e-01
1.690000000000000000e+02 8.863999999999999657e-01
1.700000000000000000e+02 8.863999999999999657e-01
1.710000000000000000e+02 8.863999999999999657e-01
1.720000000000000000e+02 8.862999999999999767e-01
1.730000000000000000e+02 8.863999999999999657e-01
1.740000000000000000e+02 8.863999999999999657e-01
1.750000000000000000e+02 8.863999999999999657e-01
1.760000000000000000e+02 8.863999999999999657e-01
1.770000000000000000e+02 8.863999999999999657e-01
1.780000000000000000e+02 8.863999999999999657e-01
1.790000000000000000e+02 8.863999999999999657e-01
1.800000000000000000e+02 8.862999999999999767e-01
1.810000000000000000e+02 8.862999999999999767e-01
1.820000000000000000e+02 8.862999999999999767e-01
1.830000000000000000e+02 8.862999999999999767e-01
1.840000000000000000e+02 8.862999999999999767e-01
1.850000000000000000e+02 8.862999999999999767e-01
1.860000000000000000e+02 8.862999999999999767e-01
1.870000000000000000e+02 8.862999999999999767e-01
1.880000000000000000e+02 8.862999999999999767e-01
1.890000000000000000e+02 8.863999999999999657e-01
1.900000000000000000e+02 8.863999999999999657e-01
1.910000000000000000e+02 8.863999999999999657e-01
1.920000000000000000e+02 8.863999999999999657e-01
1.930000000000000000e+02 8.863999999999999657e-01
1.940000000000000000e+02 8.863999999999999657e-01
1.950000000000000000e+02 8.863999999999999657e-01
1.960000000000000000e+02 8.863999999999999657e-01
1.970000000000000000e+02 8.863999999999999657e-01
1.980000000000000000e+02 8.863999999999999657e-01
1.990000000000000000e+02 8.863999999999999657e-01
2.000000000000000000e+02 8.863999999999999657e-01
2.010000000000000000e+02 8.863999999999999657e-01
2.020000000000000000e+02 8.863999999999999657e-01
2.030000000000000000e+02 8.863999999999999657e-01
2.040000000000000000e+02 8.863999999999999657e-01
2.050000000000000000e+02 8.863999999999999657e-01
2.060000000000000000e+02 8.862999999999999767e-01
2.070000000000000000e+02 8.862999999999999767e-01
2.080000000000000000e+02 8.862999999999999767e-01
2.090000000000000000e+02 8.862999999999999767e-01
2.100000000000000000e+02 8.862999999999999767e-01
2.110000000000000000e+02 8.862999999999999767e-01
2.120000000000000000e+02 8.862999999999999767e-01
2.130000000000000000e+02 8.862999999999999767e-01
2.140000000000000000e+02 8.862999999999999767e-01
2.150000000000000000e+02 8.862999999999999767e-01
2.160000000000000000e+02 8.862999999999999767e-01
2.170000000000000000e+02 8.863999999999999657e-01
2.180000000000000000e+02 8.864999999999999547e-01
2.190000000000000000e+02 8.864999999999999547e-01
2.200000000000000000e+02 8.864999999999999547e-01
2.210000000000000000e+02 8.864999999999999547e-01
2.220000000000000000e+02 8.864999999999999547e-01
2.230000000000000000e+02 8.864999999999999547e-01
2.240000000000000000e+02 8.864999999999999547e-01
2.250000000000000000e+02 8.864999999999999547e-01
2.260000000000000000e+02 8.864999999999999547e-01
2.270000000000000000e+02 8.864999999999999547e-01
2.280000000000000000e+02 8.864999999999999547e-01
2.290000000000000000e+02 8.864999999999999547e-01
2.300000000000000000e+02 8.864999999999999547e-01
2.310000000000000000e+02 8.864999999999999547e-01
2.320000000000000000e+02 8.864999999999999547e-01
2.330000000000000000e+02 8.864999999999999547e-01
2.340000000000000000e+02 8.864999999999999547e-01
2.350000000000000000e+02 8.864999999999999547e-01
2.360000000000000000e+02 8.864999999999999547e-01
2.370000000000000000e+02 8.864999999999999547e-01
2.380000000000000000e+02 8.864999999999999547e-01
2.390000000000000000e+02 8.864999999999999547e-01
2.400000000000000000e+02 8.864999999999999547e-01
2.410000000000000000e+02 8.864999999999999547e-01
2.420000000000000000e+02 8.864999999999999547e-01
2.430000000000000000e+02 8.864999999999999547e-01
2.440000000000000000e+02 8.864999999999999547e-01
2.450000000000000000e+02 8.863999999999999657e-01
2.460000000000000000e+02 8.863999999999999657e-01
2.470000000000000000e+02 8.863999999999999657e-01
2.480000000000000000e+02 8.863999999999999657e-01
2.490000000000000000e+02 8.863999999999999657e-01
2.500000000000000000e+02 8.863999999999999657e-01
