0.860100 0.832600 0.787200 0.764600 0.730400
0.868400 0.855800 0.818600 0.790900 0.741900
0.824500 0.769800 0.702500 0.702000 0.640500
0.805200 0.788800 0.757900 0.730900 0.683500
0.862000 0.819300 0.769300 0.810700 0.750500
0.873000 0.864400 0.852300 0.830300 0.777800
0.869700 0.845800 0.833800 0.787400 0.729400
0.869200 0.803500 0.756200 0.702100 0.585300
0.851900 0.798200 0.771500 0.731000 0.712300
0.830100 0.631400 0.486000 0.356900 0.259400
0.869300 0.844500 0.806000 0.762900 0.641700
0.820300 0.817500 0.787200 0.756000 0.729600
0.850300 0.765200 0.654200 0.525400 0.309600
0.777200 0.774200 0.771600 0.671800 0.678800
0.849700 0.807600 0.759600 0.644500 0.540800
0.861500 0.848000 0.841500 0.833500 0.825500
0.868100 0.861500 0.853400 0.832800 0.798200
0.826800 0.792300 0.866200 0.820400 0.764800
